# File generated by CMD 3.6 (http://stev.oapd.inaf.it/cmd) on Thu Nov 18 13:24:12 CET 2021
# isochrones based on PARSEC release v1.2S +  COLIBRI S_37 + S_35 + PR16
# Basic references: Bressan et al. (2012), MNRAS, 427, 127 + Chen et al. (2014, 2015), MNRAS, 444, 2525 + MNRAS, 452, 1068 + Tang et al. (2014), MNRAS, 445, 4287 + Marigo et al. (2017), ApJ, 835, 77 + Pastorelli al. (2019), MNRAS, 485, 5666 + Pastorelli al. (2020), MNRAS, in press
# Thermal pulse cycles included 
# On RGB, assumed Reimers mass loss with efficiency eta=0.2
# LPV periods and growth rates added cf. Trabucchi et al. (2019)
# but fundamental-mode LPV periods are from Trabucchi et al. (2021)
# Photometric system: Gaia EDR3 (all Vegamags, Gaia passbands from ESA/Gaia website)
# Using YBC version of bolometric corrections as in Chen et al. (2019)
# O-rich circumstellar dpmod60alox40 dust from Groenewegen (2006)
# C-rich circumstellar AMCSIC15 dust from Groenewegen (2006)
# IMF: Kroupa (2001, 2002) + Kroupa et al. (2013) canonical two-part-power law IMF corrected for unresolved binaries 
# Kind of output: isochrone tables
# Zini     MH   logAge Mini        int_IMF         Mass   logL    logTe  logg  label   McoreTP C_O  period0  period1  period2  period3  period4  pmode  Mloss  tau1m   X   Y   Xc  Xn  Xo  Cexcess  Z 	 mbolmag  Gmag    G_BPmag  G_RPmag
0.015 0.00898 7.77815 0.0900000036 1.0816895962    0.090 -2.594  3.4044  4.556    0  0.000  0.545     0.00     0.00     0.00     0.00     0.00 -1 -5.69e-16      0.00 7.098e-01 2.751e-01 2.709e-03 7.309e-04 6.629e-03 -1.000 1.507e-02 11.255 13.302 16.034 11.830
0.015 0.00898 7.77815 0.0965327919 1.1414730549    0.097 -2.544  3.4106  4.561    0  0.000  0.545     0.00     0.00     0.00     0.00     0.00 -1 -6.14e-16      0.00 7.098e-01 2.751e-01 2.709e-03 7.309e-04 6.629e-03 -1.000 1.507e-02 11.130 13.176 15.910 11.704
0.015 0.00898 7.77815 0.1000000089 1.1711064577    0.100 -2.519  3.4140  4.565    0  0.000  0.545     0.00     0.00     0.00     0.00     0.00 -1 -6.37e-16      0.00 7.098e-01 2.751e-01 2.709e-03 7.309e-04 6.629e-03 -1.000 1.507e-02 11.066 13.113 15.847 11.640
0.015 0.00898 7.77815 0.1140966713 1.2791160345    0.114 -2.424  3.4253  4.573    0  0.000  0.545     0.00     0.00     0.00     0.00     0.00 -1 -7.33e-16      0.00 7.098e-01 2.751e-01 2.709e-03 7.309e-04 6.629e-03 -1.000 1.507e-02 10.831 12.762 15.353 11.316
0.015 0.00898 7.77815 0.1200000048 1.3193155527    0.120 -2.388  3.4300  4.577    0  0.000  0.545     0.00     0.00     0.00     0.00     0.00 -1 -7.74e-16      0.00 7.098e-01 2.751e-01 2.709e-03 7.309e-04 6.629e-03 -1.000 1.507e-02 10.739 12.601 15.105 11.171
0.015 0.00898 7.77815 0.1236672476 1.3430156708    0.124 -2.368  3.4323  4.579    0  0.000  0.545     0.00     0.00     0.00     0.00     0.00 -1 -7.97e-16      0.00 7.098e-01 2.751e-01 2.709e-03 7.309e-04 6.629e-03 -1.000 1.507e-02 10.689 12.520 14.987 11.096
0.015 0.00898 7.77815 0.1400000006 1.4384527206    0.140 -2.282  3.4420  4.586    0  0.000  0.545     0.00     0.00     0.00     0.00     0.00 -1 -9.03e-16      0.00 7.098e-01 2.751e-01 2.709e-03 7.309e-04 6.629e-03 -1.000 1.507e-02 10.476 12.181 14.501 10.788
0.015 0.00898 7.77815 0.1545528620 1.5120333433    0.155 -2.216  3.4496  4.594    0  0.000  0.545     0.00     0.00     0.00     0.00     0.00 -1 -9.92e-16      0.00 7.098e-01 2.751e-01 2.709e-03 7.309e-04 6.629e-03 -1.000 1.507e-02 10.311 11.921 14.128 10.550
0.015 0.00898 7.77815 0.1599999964 1.5372931957    0.160 -2.193  3.4522  4.596    0  0.000  0.545     0.00     0.00     0.00     0.00     0.00 -1 -1.03e-15      0.00 7.098e-01 2.751e-01 2.709e-03 7.309e-04 6.629e-03 -1.000 1.507e-02 10.252 11.829 13.995 10.467
0.015 0.00898 7.77815 0.2000000179 1.6938792467    0.200 -2.043  3.4685  4.608    0  0.000  0.545     0.00     0.00     0.00     0.00     0.00 -1 -1.28e-15      0.00 7.098e-01 2.751e-01 2.709e-03 7.309e-04 6.629e-03 -1.000 1.507e-02 9.877 11.262 13.193 9.952
0.015 0.00898 7.77815 0.2500000000 1.8403258324    0.250 -1.898  3.4834  4.619    0  0.000  0.545     0.00     0.00     0.00     0.00     0.00 -1 -1.58e-15      0.00 7.098e-01 2.751e-01 2.709e-03 7.309e-04 6.629e-03 -1.000 1.507e-02 9.514 10.736 12.472 9.476
0.015 0.00898 7.77815 0.3000000119 1.9529139996    0.300 -1.780  3.4950  4.627    0  0.000  0.545     0.00     0.00     0.00     0.00     0.00 -1 -1.87e-15      0.00 7.098e-01 2.751e-01 2.709e-03 7.309e-04 6.629e-03 -1.000 1.507e-02 9.220 10.327 11.927 9.105
0.015 0.00898 7.77815 0.3721412122 2.0782830715    0.372 -1.634  3.5088  4.630    0  0.000  0.545     0.00     0.00     0.00     0.00     0.00 -1 -2.34e-15      0.00 7.098e-01 2.751e-01 2.709e-03 7.309e-04 6.629e-03 -1.000 1.507e-02 8.855 9.848 11.319 8.666
0.015 0.00898 7.77815 0.3847829700 2.0970027447    0.385 -1.609  3.5111  4.628    0  0.000  0.545     0.00     0.00     0.00     0.00     0.00 -1 -2.44e-15      0.00 7.098e-01 2.751e-01 2.709e-03 7.309e-04 6.629e-03 -1.000 1.507e-02 8.792 9.768 11.218 8.592
0.015 0.00898 7.77815 0.4000000358 2.1185026169    0.400 -1.581  3.5137  4.628    0  0.000  0.545     0.00     0.00     0.00     0.00     0.00 -1 -2.56e-15      0.00 7.098e-01 2.751e-01 2.709e-03 7.309e-04 6.629e-03 -1.000 1.507e-02 8.722 9.678 11.106 8.509
0.015 0.00898 7.77815 0.4500000477 2.1822810173    0.450 -1.485  3.5234  4.621    0  0.000  0.545     0.00     0.00     0.00     0.00     0.00 -1 -3.03e-15      0.00 7.098e-01 2.751e-01 2.709e-03 7.309e-04 6.629e-03 -1.000 1.507e-02 8.482 9.367 10.717 8.226
0.015 0.00898 7.77815 0.5000000000 2.2374541759    0.500 -1.386  3.5340  4.611    0  0.000  0.545     0.00     0.00     0.00     0.00     0.00 -1 -3.66e-15      0.00 7.098e-01 2.751e-01 2.709e-03 7.309e-04 6.629e-03 -1.000 1.507e-02 8.234 9.047 10.317 7.936
0.015 0.00898 7.77815 0.5299124122 2.2662994862    0.530 -1.321  3.5418  4.602    0  0.000  0.545     0.00     0.00     0.00     0.00     0.00 -1 -4.17e-15      0.00 7.098e-01 2.751e-01 2.709e-03 7.309e-04 6.629e-03 -1.000 1.507e-02 8.072 8.835 10.051 7.745
0.015 0.00898 7.77815 0.5500000119 2.2836582661    0.550 -1.277  3.5475  4.597    0  0.000  0.545     0.00     0.00     0.00     0.00     0.00 -1 -4.55e-15      0.00 7.098e-01 2.751e-01 2.709e-03 7.309e-04 6.628e-03 -1.000 1.507e-02 7.962 8.688 9.866 7.614
0.015 0.00898 7.77815 0.5536749959 2.2866778374    0.553 -1.269  3.5487  4.597    0  0.000  0.545     0.00     0.00     0.00     0.00     0.00 -1 -4.61e-15      0.00 7.098e-01 2.751e-01 2.709e-03 7.309e-04 6.628e-03 -1.000 1.507e-02 7.942 8.661 9.831 7.591
0.015 0.00898 7.77815 0.5613166094 2.2928109169    0.561 -1.251  3.5513  4.595    0  0.000  0.545     0.00     0.00     0.00     0.00     0.00 -1 -4.77e-15      0.00 7.098e-01 2.751e-01 2.709e-03 7.309e-04 6.628e-03 -1.000 1.507e-02 7.896 8.598 9.751 7.535
0.015 0.00898 7.77815 0.5929828286 2.3163006306    0.593 -1.157  3.5651  4.581    0  0.000  0.545     0.00     0.00     0.00     0.00     0.00 -1 -5.83e-15      0.00 7.098e-01 2.751e-01 2.709e-03 7.308e-04 6.628e-03 -1.000 1.507e-02 7.664 8.278 9.343 7.256
0.015 0.00898 7.77815 0.6000000238 2.3211214542    0.600 -1.136  3.5685  4.578    0  0.000  0.545     0.00     0.00     0.00     0.00     0.00 -1 -6.11e-15      0.00 7.098e-01 2.751e-01 2.709e-03 7.308e-04 6.628e-03 -1.000 1.507e-02 7.609 8.202 9.246 7.191
0.015 0.00898 7.77815 0.6096701622 2.3275561333    0.609 -1.105  3.5740  4.575    0  0.000  0.545     0.00     0.00     0.00     0.00     0.00 -1 -6.52e-15      0.00 7.098e-01 2.751e-01 2.709e-03 7.308e-04 6.628e-03 -1.000 1.507e-02 7.531 8.091 9.102 7.096
0.015 0.00898 7.77815 0.6324596405 2.3418297768    0.632 -1.021  3.5894  4.569    0  0.000  0.545     0.00     0.00     0.00     0.00     0.00 -1  -7.8e-15      0.00 7.098e-01 2.751e-01 2.709e-03 7.308e-04 6.628e-03 -1.000 1.507e-02 7.322 7.794 8.722 6.843
0.015 0.00898 7.77815 0.6499999762 2.3520355225    0.650 -0.950  3.6033  4.567    0  0.000  0.545     0.00     0.00     0.00     0.00     0.00 -1 -9.09e-15      0.00 7.098e-01 2.751e-01 2.709e-03 7.308e-04 6.628e-03 -1.000 1.507e-02 7.146 7.548 8.411 6.635
0.015 0.00898 7.77815 0.6641980410 2.3598439693    0.664 -0.891  3.6164  4.568    0  0.000  0.545     0.00     0.00     0.00     0.00     0.00 -1 -1.03e-14      0.00 7.098e-01 2.751e-01 2.709e-03 7.308e-04 6.628e-03 -1.000 1.507e-02 6.996 7.333 8.138 6.456
0.015 0.00898 7.77815 0.6808635592 2.3685336113    0.681 -0.821  3.6321  4.573    0  0.000  0.545     0.00     0.00     0.00     0.00     0.00 -1 -1.19e-14      0.00 7.098e-01 2.751e-01 2.709e-03 7.308e-04 6.628e-03 -1.000 1.507e-02 6.823 7.080 7.813 6.248
0.015 0.00898 7.77815 0.6985822916 2.3772511482    0.699 -0.749  3.6488  4.579    0  0.000  0.545     0.00     0.00     0.00     0.00     0.00 -1 -1.37e-14      0.00 7.098e-01 2.751e-01 2.709e-03 7.308e-04 6.628e-03 -1.000 1.507e-02 6.644 6.818 7.476 6.036
0.015 0.00898 7.77815 0.7000000477 2.3779268265    0.700 -0.744  3.6501  4.580    0  0.000  0.545     0.00     0.00     0.00     0.00     0.00 -1 -1.39e-14      0.00 7.098e-01 2.751e-01 2.709e-03 7.308e-04 6.628e-03 -1.000 1.507e-02 6.630 6.799 7.451 6.020
0.015 0.00898 7.77815 0.7103148699 2.3827493191    0.710 -0.700  3.6629  4.593    0  0.000  0.543     0.00     0.00     0.00     0.00     0.00 -1  -1.5e-14      0.00 7.098e-01 2.751e-01 2.701e-03 7.305e-04 6.627e-03 -1.000 1.507e-02 6.521 6.630 7.233 5.888
0.015 0.00898 7.77815 0.7150218487 2.3848967552    0.715 -0.688  3.6667  4.599    0  0.000  0.543     0.00     0.00     0.00     0.00     0.00 -1 -1.53e-14      0.00 7.098e-01 2.751e-01 2.698e-03 7.304e-04 6.628e-03 -1.000 1.506e-02 6.489 6.583 7.171 5.852
0.015 0.00898 7.77815 0.7500000000 2.3998889923    0.750 -0.630  3.6845  4.633    0  0.000  0.538     0.00     0.00     0.00     0.00     0.00 -1 -1.65e-14      0.00 7.099e-01 2.750e-01 2.672e-03 7.297e-04 6.628e-03 -1.000 1.507e-02 6.345 6.372 6.902 5.688
0.015 0.00898 7.77815 0.7711698413 2.4082069397    0.771 -0.593  3.6921  4.639    0  0.000  0.538     0.00     0.00     0.00     0.00     0.00 -1 -1.77e-14      0.00 7.099e-01 2.750e-01 2.672e-03 7.297e-04 6.628e-03 -1.000 1.507e-02 6.252 6.256 6.763 5.590
0.015 0.00898 7.77815 0.8000000715 2.4187245369    0.800 -0.547  3.7000  4.640    0  0.000  0.538     0.00     0.00     0.00     0.00     0.00 -1 -1.93e-14      0.00 7.099e-01 2.750e-01 2.672e-03 7.297e-04 6.627e-03 -1.000 1.507e-02 6.136 6.117 6.601 5.471
0.015 0.00898 7.77815 0.8500000238 2.4350347519    0.850 -0.438  3.7163  4.622    0  0.000  0.538     0.00     0.00     0.00     0.00     0.00 -1 -2.45e-14      0.00 7.099e-01 2.750e-01 2.672e-03 7.296e-04 6.627e-03 -1.000 1.507e-02 5.865 5.807 6.249 5.199
0.015 0.00898 7.77815 0.8807974458 2.4440281391    0.880 -0.381  3.7246  4.614    0  0.000  0.538     0.00     0.00     0.00     0.00     0.00 -1 -2.75e-14      0.00 7.100e-01 2.750e-01 2.672e-03 7.296e-04 6.626e-03 -1.000 1.504e-02 5.723 5.649 6.070 5.059
0.015 0.00898 7.77815 0.8999999762 2.4492788315    0.899 -0.338  3.7307  4.605    0  0.000  0.538     0.00     0.00     0.00     0.00     0.00 -1 -3.03e-14      0.00 7.100e-01 2.750e-01 2.672e-03 7.295e-04 6.626e-03 -1.000 1.504e-02 5.616 5.530 5.938 4.953
0.015 0.00898 7.77815 0.9446005821 2.4605321884    0.944 -0.242  3.7435  4.581    0  0.000  0.538     0.00     0.00     0.00     0.00     0.00 -1  -3.8e-14      0.00 7.100e-01 2.749e-01 2.671e-03 7.295e-04 6.625e-03 -1.000 1.507e-02 5.375 5.270 5.647 4.724
0.015 0.00898 7.77815 0.9532504678 2.4625749588    0.953 -0.223  3.7460  4.576    0  0.000  0.538     0.00     0.00     0.00     0.00     0.00 -1 -3.97e-14      0.00 7.100e-01 2.749e-01 2.671e-03 7.294e-04 6.625e-03 -1.000 1.507e-02 5.329 5.221 5.592 4.681
0.015 0.00898 7.77815 0.9931094646 2.4714617729    0.993 -0.140  3.7568  4.554    0  0.000  0.538     0.00     0.00     0.00     0.00     0.00 -1 -4.83e-14      0.00 7.100e-01 2.749e-01 2.671e-03 7.293e-04 6.624e-03 -1.000 1.507e-02 5.120 5.003 5.350 4.488
0.015 0.00898 7.77815 1.0000000000 2.4729156494    1.000 -0.126  3.7586  4.551    0  0.000  0.538     0.00     0.00     0.00     0.00     0.00 -1 -4.99e-14      0.00 7.101e-01 2.749e-01 2.671e-03 7.293e-04 6.624e-03 -1.000 1.507e-02 5.086 4.967 5.310 4.456
0.015 0.00898 7.77815 1.0499999523 2.4828116894    1.050 -0.030  3.7703  4.522    0  0.000  0.538     0.00     0.00     0.00     0.00     0.00 -1 -5.85e-14      0.00 7.101e-01 2.748e-01 2.670e-03 7.291e-04 6.623e-03 -1.000 1.505e-02 4.845 4.720 5.036 4.236
0.015 0.00898 7.77815 1.1000000238 2.4916803837    1.099  0.068  3.7813  4.488    0  0.000  0.538     0.00     0.00     0.00     0.00     0.00 -1 -6.86e-14      0.00 7.103e-01 2.747e-01 2.669e-03 7.289e-04 6.620e-03 -1.000 1.507e-02 4.599 4.471 4.762 4.015
0.015 0.00898 7.77815 1.1456650496 2.4990069866    1.145  0.163  3.7925  4.456    0  0.000  0.538     0.00     0.00     0.00     0.00     0.00 -1 -7.99e-14      0.00 7.105e-01 2.746e-01 2.668e-03 7.285e-04 6.617e-03 -1.000 1.497e-02 4.362 4.234 4.502 3.805
0.015 0.00898 7.77815 1.1499999762 2.4996678829    1.149  0.171  3.7934  4.453    0  0.000  0.538     0.00     0.00     0.00     0.00     0.00 -1 -8.09e-14      0.00 7.105e-01 2.746e-01 2.667e-03 7.285e-04 6.617e-03 -1.000 1.496e-02 4.343 4.215 4.481 3.788
0.015 0.00898 7.77815 1.2000000477 2.5068950653    1.200  0.261  3.8032  4.421    0  0.000  0.538     0.00     0.00     0.00     0.00     0.00 -1 -9.15e-14      0.00 7.105e-01 2.744e-01 2.668e-03 7.284e-04 6.616e-03 -1.000 1.505e-02 4.118 3.992 4.238 3.589
0.015 0.00898 7.77815 1.2500000000 2.5134611130    1.250  0.347  3.8129  4.392    0  0.000  0.538     0.00     0.00     0.00     0.00     0.00 -1 -1.02e-13      0.00 7.105e-01 2.744e-01 2.668e-03 7.283e-04 6.616e-03 -1.000 1.505e-02 3.903 3.779 4.006 3.400
0.015 0.00898 7.77815 1.2999999523 2.5194499493    1.300  0.428  3.8220  4.364    0  0.000  0.538     0.00     0.00     0.00     0.00     0.00 -1 -1.11e-13      0.00 7.106e-01 2.744e-01 2.667e-03 7.283e-04 6.615e-03 -1.000 1.504e-02 3.700 3.577 3.789 3.219
0.015 0.00898 7.77815 1.3500000238 2.5249314308    1.350  0.505  3.8315  4.341    0  0.000  0.538     0.00     0.00     0.00     0.00     0.00 -1 -1.17e-13      0.00 7.106e-01 2.744e-01 2.667e-03 7.283e-04 6.615e-03 -1.000 1.501e-02 3.507 3.386 3.582 3.050
0.015 0.00898 7.77815 1.3999999762 2.5299651623    1.400  0.578  3.8412  4.323    0  0.000  0.538     0.00     0.00     0.00     0.00     0.00 -1 -1.19e-13      0.00 7.107e-01 2.744e-01 2.667e-03 7.282e-04 6.614e-03 -1.000 1.498e-02 3.325 3.207 3.386 2.894
0.015 0.00898 7.77815 1.4500000477 2.5346016884    1.450  0.646  3.8521  4.314    0  0.000  0.538     0.00     0.00     0.00     0.00     0.00 -1 -1.15e-13      0.00 7.106e-01 2.743e-01 2.667e-03 7.282e-04 6.614e-03 -1.000 1.505e-02 3.155 3.041 3.203 2.754
0.015 0.00898 7.77815 1.5000000000 2.5388846397    1.500  0.712  3.8644  4.312    0  0.000  0.538     0.00     0.00     0.00     0.00     0.00 -1 -1.06e-13      0.00 7.107e-01 2.743e-01 2.666e-03 7.281e-04 6.613e-03 -1.000 1.504e-02 2.991 2.883 3.027 2.625
0.015 0.00898 7.77815 1.5499999523 2.5428512096    1.550  0.774  3.8777  4.317    0  0.000  0.538     0.00     0.00     0.00     0.00     0.00 -1 -8.95e-14      0.00 7.107e-01 2.742e-01 2.666e-03 7.280e-04 6.612e-03 -1.000 1.504e-02 2.835 2.736 2.860 2.510
0.015 0.00898 7.77815 1.6000001431 2.5465342999    1.600  0.835  3.8910  4.323    0  0.000  0.538     0.00     0.00     0.00     0.00     0.00 -1 -6.72e-14      0.00 7.108e-01 2.742e-01 2.666e-03 7.279e-04 6.611e-03 -1.000 1.504e-02 2.683 2.594 2.698 2.401
0.015 0.00898 7.77815 1.6499999762 2.5499615669    1.649  0.892  3.9035  4.329    0  0.000  0.538     0.00     0.00     0.00     0.00     0.00 -1 -3.75e-14      0.00 7.108e-01 2.741e-01 2.666e-03 7.278e-04 6.611e-03 -1.000 1.503e-02 2.540 2.464 2.550 2.303
0.015 0.00898 7.77815 1.7000000477 2.5531582832    1.699  0.948  3.9154  4.334    0  0.000  0.538     0.00     0.00     0.00     0.00     0.00 -1    -1e-30      0.00 7.108e-01 2.741e-01 2.665e-03 7.278e-04 6.611e-03 -1.000 1.502e-02 2.400 2.341 2.411 2.210
0.015 0.00898 7.77815 1.7500000000 2.5561456680    1.749  1.002  3.9267  4.338    0  0.000  0.538     0.00     0.00     0.00     0.00     0.00 -1    -1e-30      0.00 7.109e-01 2.741e-01 2.665e-03 7.277e-04 6.610e-03 -1.000 1.504e-02 2.266 2.226 2.281 2.123
0.015 0.00898 7.77815 1.7999997139 2.5589430332    1.799  1.053  3.9373  4.341    1  0.000  0.538     0.00     0.00     0.00     0.00     0.00 -1    -1e-30      0.00 7.109e-01 2.741e-01 2.665e-03 7.277e-04 6.610e-03 -1.000 1.502e-02 2.136 2.120 2.162 2.041
0.015 0.00898 7.77815 1.8499999046 2.5615673065    1.849  1.102  3.9473  4.344    1  0.000  0.538     0.00     0.00     0.00     0.00     0.00 -1    -1e-30      0.00 7.110e-01 2.740e-01 2.664e-03 7.276e-04 6.609e-03 -1.000 1.501e-02 2.014 2.024 2.055 1.965
0.015 0.00898 7.77815 1.8999999762 2.5640332699    1.899  1.150  3.9567  4.345    1  0.000  0.538     0.00     0.00     0.00     0.00     0.00 -1    -1e-30      0.00 7.110e-01 2.740e-01 2.664e-03 7.275e-04 6.608e-03 -1.000 1.501e-02 1.894 1.934 1.956 1.892
0.015 0.00898 7.77815 1.9500000477 2.5663545132    1.950  1.197  3.9658  4.346    1  0.000  0.538     0.00     0.00     0.00     0.00     0.00 -1    -1e-30      0.00 7.110e-01 2.740e-01 2.664e-03 7.275e-04 6.608e-03 -1.000 1.500e-02 1.778 1.850 1.864 1.823
0.015 0.00898 7.77815 2.0000000000 2.5685424805    2.000  1.242  3.9745  4.347    1  0.000  0.537     0.00     0.00     0.00     0.00     0.00 -1    -1e-30      0.00 7.110e-01 2.740e-01 2.664e-03 7.274e-04 6.608e-03 -1.000 1.506e-02 1.666 1.771 1.779 1.757
0.015 0.00898 7.77815 2.0499999523 2.5706083775    2.050  1.285  3.9826  4.347    1  0.000  0.538     0.00     0.00     0.00     0.00     0.00 -1    -1e-30      0.00 7.110e-01 2.739e-01 2.664e-03 7.274e-04 6.607e-03 -1.000 1.503e-02 1.557 1.696 1.698 1.693
0.015 0.00898 7.77815 2.0999999046 2.5725615025    2.099  1.328  3.9902  4.345    1  0.000  0.538     0.00     0.00     0.00     0.00     0.00 -1    -1e-30      0.00 7.111e-01 2.740e-01 2.664e-03 7.273e-04 6.607e-03 -1.000 1.498e-02 1.451 1.622 1.619 1.629
0.015 0.00898 7.77815 2.1500000954 2.5744106770    2.149  1.369  3.9978  4.345    1  0.000  0.537     0.00     0.00     0.00     0.00     0.00 -1    -1e-30      0.00 7.111e-01 2.739e-01 2.663e-03 7.273e-04 6.607e-03 -1.000 1.500e-02 1.348 1.553 1.546 1.569
0.015 0.00898 7.77815 2.2000000477 2.5761635303    2.199  1.409  4.0048  4.342    1  0.000  0.538     0.00     0.00     0.00     0.00     0.00 -1    -1e-30      0.00 7.111e-01 2.739e-01 2.664e-03 7.273e-04 6.607e-03 -1.000 1.505e-02 1.247 1.485 1.473 1.508
0.015 0.00898 7.77815 2.2500000000 2.5778269768    2.249  1.448  4.0116  4.340    1  0.000  0.538     0.00     0.00     0.00     0.00     0.00 -1    -1e-30      0.00 7.111e-01 2.739e-01 2.663e-03 7.273e-04 6.606e-03 -1.000 1.505e-02 1.149 1.419 1.404 1.449
0.015 0.00898 7.77815 2.2999999523 2.5794074535    2.299  1.486  4.0182  4.338    1  0.000  0.538     0.00     0.00     0.00     0.00     0.00 -1    -1e-30      0.00 7.111e-01 2.739e-01 2.663e-03 7.272e-04 6.606e-03 -1.000 1.505e-02 1.054 1.355 1.336 1.391
0.015 0.00898 7.77815 2.3164751530 2.5799109936    2.315  1.499  4.0203  4.337    1  0.000  0.538     0.00     0.00     0.00     0.00     0.00 -1    -1e-30      0.00 7.111e-01 2.739e-01 2.663e-03 7.272e-04 6.606e-03 -1.000 1.504e-02 1.023 1.334 1.314 1.372
0.015 0.00898 7.77815 2.4000000954 2.5823426247    2.399  1.561  4.0307  4.332    1  0.000  0.538     0.00     0.00     0.00     0.00     0.00 -1    -1e-30      0.00 7.111e-01 2.739e-01 2.663e-03 7.272e-04 6.605e-03 -1.000 1.501e-02 0.868 1.230 1.206 1.277
0.015 0.00898 7.77815 2.5833220482 2.5870509148    2.583  1.688  4.0517  4.321    1  0.000  0.538     0.00     0.00     0.00     0.00     0.00 -1    -1e-30      0.00 7.099e-01 2.750e-01 2.672e-03 7.298e-04 6.628e-03 -1.000 1.506e-02 0.549 1.016 0.982 1.079
0.015 0.00898 7.77815 2.5999999046 2.5874414444    2.600  1.700  4.0536  4.320    1  0.000  0.538     0.00     0.00     0.00     0.00     0.00 -1    -1e-30      0.00 7.098e-01 2.751e-01 2.673e-03 7.300e-04 6.630e-03 -1.000 1.507e-02 0.521 0.997 0.963 1.061
0.015 0.00898 7.77815 2.7999999523 2.5917119980    2.800  1.829  4.0742  4.305    1  0.000  0.538     0.00     0.00     0.00     0.00     0.00 -1    -1e-30      0.00 7.098e-01 2.751e-01 2.673e-03 7.300e-04 6.630e-03 -1.000 1.507e-02 0.197 0.779 0.737 0.857
0.015 0.00898 7.77815 2.9831075668 2.5950498581    2.983  1.940  4.0914  4.291    1  0.000  0.538     0.00     0.00     0.00     0.00     0.00 -1    -1e-30      0.00 7.098e-01 2.751e-01 2.673e-03 7.300e-04 6.630e-03 -1.000 1.507e-02 -0.080 0.592 0.545 0.681
0.015 0.00898 7.77815 3.0000000000 2.5953342915    3.000  1.950  4.0930  4.289    1  0.000  0.538     0.00     0.00     0.00     0.00     0.00 -1    -1e-30      0.00 7.098e-01 2.751e-01 2.673e-03 7.300e-04 6.630e-03 -1.000 1.507e-02 -0.105 0.576 0.528 0.665
0.015 0.00898 7.77815 3.1936767101 2.5983495712    3.193  2.060  4.1097  4.273    1  0.000  0.538     0.00     0.00     0.00     0.00     0.00 -1    -1e-30      0.00 7.098e-01 2.751e-01 2.673e-03 7.300e-04 6.630e-03 -1.000 1.507e-02 -0.381 0.390 0.336 0.489
0.015 0.00898 7.77815 3.2000002861 2.5984411240    3.199  2.064  4.1102  4.272    1  0.000  0.538     0.00     0.00     0.00     0.00     0.00 -1    -1e-30      0.00 7.098e-01 2.751e-01 2.673e-03 7.300e-04 6.630e-03 -1.000 1.507e-02 -0.389 0.384 0.330 0.484
0.015 0.00898 7.77815 3.3426127434 2.6003971100    3.341  2.141  4.1217  4.260    1  0.000  0.538     0.00     0.00     0.00     0.00     0.00 -1    -1e-30      0.00 7.098e-01 2.751e-01 2.673e-03 7.300e-04 6.630e-03 -1.000 1.507e-02 -0.583 0.254 0.197 0.360
0.015 0.00898 7.77815 3.4000000954 2.6011312008    3.398  2.172  4.1262  4.254    1  0.000  0.538     0.00     0.00     0.00     0.00     0.00 -1    -1e-30      0.00 7.098e-01 2.751e-01 2.673e-03 7.300e-04 6.630e-03 -1.000 1.507e-02 -0.659 0.203 0.144 0.311
0.015 0.00898 7.77815 3.4547441006 2.6018054485    3.453  2.200  4.1303  4.249    1  0.000  0.538     0.00     0.00     0.00     0.00     0.00 -1    -1e-30      0.00 7.098e-01 2.751e-01 2.673e-03 7.300e-04 6.630e-03 -1.000 1.507e-02 -0.730 0.155 0.095 0.266
0.015 0.00898 7.77815 3.5999999046 2.6034805775    3.598  2.274  4.1410  4.236    1  0.000  0.538     0.00     0.00     0.00     0.00     0.00 -1    -1e-30      0.00 7.098e-01 2.751e-01 2.673e-03 7.300e-04 6.630e-03 -1.000 1.507e-02 -0.915 0.029 -0.034 0.146
0.015 0.00898 7.77815 3.6503691673 2.6040258408    3.648  2.299  4.1445  4.231    1  0.000  0.538     0.00     0.00     0.00     0.00     0.00 -1    -1e-30      0.00 7.098e-01 2.751e-01 2.673e-03 7.300e-04 6.630e-03 -1.000 1.507e-02 -0.978 -0.013 -0.078 0.106
0.015 0.00898 7.77815 3.7999999523 2.6055479050    3.798  2.372  4.1546  4.216    1  0.000  0.538     0.00     0.00     0.00     0.00     0.00 -1    -1e-30      0.00 7.098e-01 2.751e-01 2.673e-03 7.300e-04 6.630e-03 -1.000 1.507e-02 -1.160 -0.139 -0.206 -0.014
0.015 0.00898 7.77815 4.0000000000 2.6073791981    4.001  2.467  4.1671  4.194    1  0.000  0.538     0.00     0.00     0.00     0.00     0.00 -1    -1e-30      0.00 7.098e-01 2.751e-01 2.673e-03 7.300e-04 6.630e-03 -1.000 1.507e-02 -1.397 -0.304 -0.375 -0.172
0.015 0.00898 7.77815 4.0445203781 2.6077585220    4.044  2.488  4.1698  4.188    1  0.000  0.538     0.00     0.00     0.00     0.00     0.00 -1    -1e-30      0.00 7.098e-01 2.751e-01 2.673e-03 7.300e-04 6.630e-03 -1.000 1.507e-02 -1.449 -0.340 -0.412 -0.207
0.015 0.00898 7.77815 4.1879067421 2.6089179516    4.186  2.553  4.1780  4.170    1  0.000  0.538     0.00     0.00     0.00     0.00     0.00 -1    -1e-30      0.00 7.098e-01 2.751e-01 2.673e-03 7.300e-04 6.630e-03 -1.000 1.507e-02 -1.613 -0.457 -0.532 -0.319
0.015 0.00898 7.77815 4.1999998093 2.6090114117    4.198  2.559  4.1786  4.169    1  0.000  0.538     0.00     0.00     0.00     0.00     0.00 -1    -1e-30      0.00 7.098e-01 2.751e-01 2.673e-03 7.300e-04 6.630e-03 -1.000 1.507e-02 -1.627 -0.467 -0.542 -0.329
0.015 0.00898 7.77815 4.2696290016 2.6095385551    4.267  2.590  4.1824  4.160    1  0.000  0.538     0.00     0.00     0.00     0.00     0.00 -1    -1e-30      0.00 7.098e-01 2.751e-01 2.673e-03 7.300e-04 6.630e-03 -1.000 1.507e-02 -1.705 -0.523 -0.599 -0.383
0.015 0.00898 7.77815 4.4000000954 2.6104743481    4.397  2.648  4.1891  4.142    1  0.000  0.538     0.00     0.00     0.00     0.00     0.00 -1    -1e-30      0.00 7.098e-01 2.751e-01 2.673e-03 7.300e-04 6.630e-03 -1.000 1.507e-02 -1.849 -0.628 -0.706 -0.484
0.015 0.00898 7.77815 4.4857602119 2.6110556126    4.483  2.685  4.1933  4.130    1  0.000  0.538     0.00     0.00     0.00     0.00     0.00 -1    -1e-30      0.00 7.098e-01 2.751e-01 2.673e-03 7.300e-04 6.630e-03 -1.000 1.507e-02 -1.942 -0.697 -0.776 -0.550
0.015 0.00898 7.77815 4.5999999046 2.6117916107    4.597  2.734  4.1986  4.113    1  0.000  0.538     0.00     0.00     0.00     0.00     0.00 -1    -1e-30      0.00 7.098e-01 2.751e-01 2.673e-03 7.300e-04 6.630e-03 -1.000 1.507e-02 -2.065 -0.789 -0.870 -0.640
0.015 0.00898 7.77815 4.6716518402 2.6122322083    4.669  2.765  4.2017  4.102    1  0.000  0.538     0.00     0.00     0.00     0.00     0.00 -1    -1e-30      0.00 7.098e-01 2.751e-01 2.673e-03 7.300e-04 6.630e-03 -1.000 1.507e-02 -2.142 -0.848 -0.929 -0.696
0.015 0.00898 7.77815 4.8000001907 2.6129837036    4.798  2.820  4.2069  4.079    1  0.000  0.538     0.00     0.00     0.00     0.00     0.00 -1    -1e-30      0.00 7.098e-01 2.751e-01 2.673e-03 7.300e-04 6.630e-03 -1.000 1.507e-02 -2.280 -0.956 -1.039 -0.801
0.015 0.00898 7.77815 4.8954968452 2.6135134697    4.894  2.860  4.2104  4.061    1  0.000  0.538     0.00     0.00     0.00     0.00     0.00 -1    -1e-30      0.00 7.098e-01 2.751e-01 2.673e-03 7.300e-04 6.630e-03 -1.000 1.507e-02 -2.381 -1.037 -1.121 -0.881
0.015 0.00898 7.77815 5.0000000000 2.6140668392    4.999  2.905  4.2138  4.039    1  0.000  0.538     0.00     0.00     0.00     0.00     0.00 -1    -1e-30      0.00 7.098e-01 2.751e-01 2.673e-03 7.300e-04 6.630e-03 -1.000 1.507e-02 -2.492 -1.128 -1.213 -0.969
0.015 0.00898 7.77815 5.0254354477 2.6141974926    5.025  2.915  4.2146  4.034    1  0.000  0.538     0.00     0.00     0.00     0.00     0.00 -1    -1e-30      0.00 7.098e-01 2.751e-01 2.673e-03 7.300e-04 6.630e-03 -1.000 1.507e-02 -2.518 -1.150 -1.236 -0.991
0.015 0.00898 7.77815 5.1589679718 2.6148591042    5.159  2.971  4.2184  4.005    1  0.000  0.538     0.00     0.00     0.00     0.00     0.00 -1    -1e-30      0.00 7.098e-01 2.751e-01 2.673e-03 7.300e-04 6.630e-03 -1.000 1.507e-02 -2.658 -1.268 -1.355 -1.107
0.015 0.00898 7.77815 5.1999998093 2.6150546074    5.200  2.988  4.2193  3.995    1  0.000  0.538     0.00     0.00     0.00     0.00     0.00 -1    -1e-30      0.00 7.098e-01 2.751e-01 2.673e-03 7.300e-04 6.630e-03 -1.000 1.507e-02 -2.701 -1.306 -1.393 -1.144
0.015 0.00898 7.77815 5.2816634178 2.6154332161    5.282  3.022  4.2211  3.975    1  0.000  0.538     0.00     0.00     0.00     0.00     0.00 -1    -1e-30      0.00 7.098e-01 2.751e-01 2.673e-03 7.300e-04 6.630e-03 -1.000 1.507e-02 -2.786 -1.381 -1.469 -1.218
0.015 0.00898 7.77815 5.3833131790 2.6158862114    5.384  3.066  4.2225  3.945    1  0.000  0.538     0.00     0.00     0.00     0.00     0.00 -1    -1e-30      0.00 7.098e-01 2.751e-01 2.673e-03 7.300e-04 6.630e-03 -1.000 1.507e-02 -2.894 -1.481 -1.570 -1.317
0.015 0.00898 7.77815 5.3999996185 2.6159586906    5.401  3.073  4.2227  3.940    1  0.000  0.538     0.00     0.00     0.00     0.00     0.00 -1    -1e-30      0.00 7.098e-01 2.751e-01 2.673e-03 7.300e-04 6.630e-03 -1.000 1.507e-02 -2.912 -1.498 -1.587 -1.334
0.015 0.00898 7.77815 5.4780683517 2.6162910461    5.479  3.106  4.2233  3.916    1  0.000  0.538     0.00     0.00     0.00     0.00     0.00 -1    -1e-30      0.00 7.098e-01 2.751e-01 2.673e-03 7.300e-04 6.630e-03 -1.000 1.507e-02 -2.995 -1.578 -1.667 -1.414
0.015 0.00898 7.77815 5.5999994278 2.6167888641    5.601  3.158  4.2234  3.874    1  0.000  0.538     0.00     0.00     0.00     0.00     0.00 -1    -1e-30      0.00 7.098e-01 2.751e-01 2.673e-03 7.300e-04 6.630e-03 -1.000 1.507e-02 -3.125 -1.708 -1.797 -1.544
0.015 0.00898 7.77815 5.6334333420 2.6169211864    5.634  3.172  4.2234  3.862    1  0.000  0.538     0.00     0.00     0.00     0.00     0.00 -1    -1e-30      0.00 7.098e-01 2.751e-01 2.673e-03 7.300e-04 6.630e-03 -1.000 1.507e-02 -3.161 -1.745 -1.833 -1.580
0.015 0.00898 7.77815 5.7364850044 2.6173174381    5.737  3.217  4.2215  3.818    1  0.000  0.538     0.00     0.00     0.00     0.00     0.00 -1    -1e-30      0.00 7.098e-01 2.751e-01 2.673e-03 7.300e-04 6.630e-03 -1.000 1.507e-02 -3.273 -1.868 -1.957 -1.705
0.015 0.00898 7.77815 5.8000001907 2.6175537109    5.801  3.245  4.2198  3.788    1  0.000  0.538     0.00     0.00     0.00     0.00     0.00 -1    -1e-30      0.00 7.098e-01 2.751e-01 2.673e-03 7.300e-04 6.630e-03 -1.000 1.507e-02 -3.343 -1.949 -2.037 -1.787
0.015 0.00898 7.77815 5.8739285469 2.6178212166    5.875  3.278  4.2174  3.751    1  0.000  0.538     0.00     0.00     0.00     0.00     0.00 -1    -1e-30      0.00 7.098e-01 2.751e-01 2.673e-03 7.300e-04 6.630e-03 -1.000 1.507e-02 -3.424 -2.045 -2.132 -1.884
0.015 0.00898 7.77815 5.9615101814 2.6181282997    5.962  3.317  4.2133  3.702    1  0.000  0.538     0.00     0.00     0.00     0.00     0.00 -1    -1e-30      0.00 7.098e-01 2.751e-01 2.673e-03 7.300e-04 6.630e-03 -1.000 1.507e-02 -3.521 -2.167 -2.253 -2.008
0.015 0.00898 7.77815 6.0000000000 2.6182601452    6.000  3.334  4.2105  3.676    1  0.000  0.538     0.00     0.00     0.00     0.00     0.00 -1    -1e-30      0.00 7.098e-01 2.751e-01 2.673e-03 7.300e-04 6.630e-03 -1.000 1.507e-02 -3.566 -2.228 -2.314 -2.071
0.015 0.00898 7.77815 6.0537629128 2.6184408665    6.054  3.359  4.2063  3.638    1  0.000  0.538     0.00     0.00     0.00     0.00     0.00 -1    -1e-30      0.00 7.098e-01 2.751e-01 2.673e-03 7.300e-04 6.630e-03 -1.000 1.507e-02 -3.628 -2.315 -2.400 -2.161
0.015 0.00898 7.77815 6.1381330490 2.6187171936    6.138  3.399  4.1983  3.572    1  0.000  0.538     0.00     0.00     0.00     0.00     0.00 -1    -1e-30      0.00 7.098e-01 2.751e-01 2.673e-03 7.300e-04 6.630e-03 -1.000 1.507e-02 -3.727 -2.462 -2.545 -2.313
0.015 0.00898 7.77815 6.1999998093 2.6189143658    6.200  3.429  4.1911  3.517    1  0.000  0.538     0.00     0.00     0.00     0.00     0.00 -1    -1e-30      0.00 7.098e-01 2.751e-01 2.673e-03 7.300e-04 6.630e-03 -1.000 1.507e-02 -3.804 -2.581 -2.661 -2.436
0.015 0.00898 7.77815 6.2093214989 2.6189436913    6.209  3.434  4.1900  3.509    1  0.000  0.538     0.00     0.00     0.00     0.00     0.00 -1    -1e-30      0.00 7.098e-01 2.751e-01 2.673e-03 7.300e-04 6.630e-03 -1.000 1.507e-02 -3.815 -2.599 -2.679 -2.454
0.015 0.00898 7.77815 6.2711925507 2.6191356182    6.270  3.468  4.1838  3.455    1  0.000  0.538     0.00     0.00     0.00     0.00     0.00 -1    -1e-30      0.00 7.098e-01 2.751e-01 2.673e-03 7.300e-04 6.630e-03 -1.000 1.507e-02 -3.899 -2.720 -2.798 -2.579
0.015 0.00898 7.77815 6.2958841324 2.6192109585    6.295  3.482  4.1818  3.435    1  0.000  0.538     0.00     0.00     0.00     0.00     0.00 -1    -1e-30      0.00 7.098e-01 2.751e-01 2.673e-03 7.300e-04 6.630e-03 -1.000 1.507e-02 -3.934 -2.767 -2.844 -2.627
0.015 0.00898 7.77815 6.3073229790 2.6192457676    6.306  3.491  4.1845  3.437    1  0.000  0.538     0.00     0.00     0.00     0.00     0.00 -1    -1e-30      0.00 7.098e-01 2.751e-01 2.673e-03 7.300e-04 6.630e-03 -1.000 1.507e-02 -3.957 -2.774 -2.853 -2.633
0.015 0.00898 7.77815 6.3289365768 2.6193108559    6.328  3.514  4.1961  3.462    1  0.000  0.538     0.00     0.00     0.00     0.00     0.00 -1    -1e-30      0.00 7.098e-01 2.751e-01 2.673e-03 7.300e-04 6.630e-03 -1.000 1.507e-02 -4.015 -2.765 -2.846 -2.616
0.015 0.00898 7.77815 6.3349032402 2.6193289757    6.334  3.528  4.2068  3.491    1  0.000  0.538     0.00     0.00     0.00     0.00     0.00 -1    -1e-30      0.00 7.098e-01 2.751e-01 2.673e-03 7.300e-04 6.630e-03 -1.000 1.507e-02 -4.050 -2.737 -2.822 -2.582
0.015 0.00898 7.77815 6.3375706673 2.6193368435    6.337  3.543  4.2179  3.520    1  0.000  0.538     0.00     0.00     0.00     0.00     0.00 -1    -1e-30      0.00 7.098e-01 2.751e-01 2.673e-03 7.300e-04 6.630e-03 -1.000 1.507e-02 -4.087 -2.710 -2.798 -2.548
0.015 0.00898 7.77815 6.3388662338 2.6193406582    6.338  3.559  4.2279  3.544    1  0.000  0.538     0.00     0.00     0.00     0.00     0.00 -1    -1e-30      0.00 7.098e-01 2.751e-01 2.673e-03 7.300e-04 6.630e-03 -1.000 1.507e-02 -4.129 -2.692 -2.783 -2.525
0.015 0.00898 7.77815 6.3396296501 2.6193430424    6.339  3.576  4.2366  3.563    1  0.000  0.538     0.00     0.00     0.00     0.00     0.00 -1    -1e-30      0.00 7.098e-01 2.751e-01 2.673e-03 7.300e-04 6.630e-03 -1.000 1.507e-02 -4.169 -2.682 -2.776 -2.510
0.015 0.00898 7.77815 6.3398942947 2.6193437576    6.339  3.581  4.2394  3.569    1  0.000  0.538     0.00     0.00     0.00     0.00     0.00 -1    -1e-30      0.00 7.098e-01 2.751e-01 2.673e-03 7.300e-04 6.630e-03 -1.000 1.507e-02 -4.182 -2.678 -2.773 -2.505
0.015 0.00898 7.77815 6.3401150703 2.6193444729    6.339  3.564  4.2343  3.565    2  0.000  0.538     0.00     0.00     0.00     0.00     0.00 -1    -1e-30      0.00 7.098e-01 2.751e-01 2.673e-03 7.300e-04 6.630e-03 -1.000 1.507e-02 -4.139 -2.665 -2.758 -2.495
0.015 0.00898 7.77815 6.3404030800 2.6193454266    6.339  3.540  4.2248  3.552    2  0.000  0.538     0.00     0.00     0.00     0.00     0.00 -1    -1e-30      0.00 7.098e-01 2.751e-01 2.673e-03 7.300e-04 6.630e-03 -1.000 1.507e-02 -4.079 -2.660 -2.750 -2.495
0.015 0.00898 7.77815 6.3406472206 2.6193461418    6.340  3.525  4.2129  3.519    2  0.000  0.538     0.00     0.00     0.00     0.00     0.00 -1    -1e-30      0.00 7.098e-01 2.751e-01 2.673e-03 7.300e-04 6.630e-03 -1.000 1.507e-02 -4.043 -2.694 -2.781 -2.536
0.015 0.00898 7.77815 6.3408761024 2.6193468571    6.340  3.524  4.2011  3.473    2  0.000  0.538     0.00     0.00     0.00     0.00     0.00 -1    -1e-30      0.00 7.098e-01 2.751e-01 2.673e-03 7.300e-04 6.630e-03 -1.000 1.507e-02 -4.039 -2.760 -2.843 -2.608
0.015 0.00898 7.77815 6.3411097527 2.6193475723    6.340  3.532  4.1892  3.417    2  0.000  0.538     0.00     0.00     0.00     0.00     0.00 -1    -1e-30      0.00 7.098e-01 2.751e-01 2.673e-03 7.300e-04 6.630e-03 -1.000 1.507e-02 -4.059 -2.849 -2.929 -2.705
0.015 0.00898 7.77815 6.3413510323 2.6193482876    6.340  3.543  4.1773  3.359    2  0.000  0.538     0.00     0.00     0.00     0.00     0.00 -1    -1e-30      0.00 7.098e-01 2.751e-01 2.673e-03 7.300e-04 6.630e-03 -1.000 1.507e-02 -4.087 -2.947 -3.023 -2.810
0.015 0.00898 7.77815 6.3415975571 2.6193490028    6.341  3.553  4.1654  3.301    2  0.000  0.538     0.00     0.00     0.00     0.00     0.00 -1    -1e-30      0.00 7.098e-01 2.751e-01 2.673e-03 7.300e-04 6.630e-03 -1.000 1.507e-02 -4.113 -3.042 -3.114 -2.912
0.015 0.00898 7.77815 6.3418469429 2.6193497181    6.341  3.561  4.1535  3.245    2  0.000  0.538     0.00     0.00     0.00     0.00     0.00 -1    -1e-30      0.00 7.098e-01 2.751e-01 2.673e-03 7.300e-04 6.630e-03 -1.000 1.507e-02 -4.133 -3.131 -3.200 -3.009
0.015 0.00898 7.77815 6.3420948982 2.6193504333    6.341  3.567  4.1415  3.191    2  0.000  0.538     0.00     0.00     0.00     0.00     0.00 -1    -1e-30      0.00 7.098e-01 2.751e-01 2.673e-03 7.300e-04 6.630e-03 -1.000 1.507e-02 -4.148 -3.214 -3.279 -3.099
0.015 0.00898 7.77815 6.3423409462 2.6193511486    6.341  3.571  4.1296  3.139    2  0.000  0.538     0.00     0.00     0.00     0.00     0.00 -1    -1e-30      0.00 7.098e-01 2.751e-01 2.673e-03 7.300e-04 6.630e-03 -1.000 1.507e-02 -4.159 -3.292 -3.353 -3.184
0.015 0.00898 7.77815 6.3425827026 2.6193518639    6.341  3.574  4.1176  3.088    2  0.000  0.538     0.00     0.00     0.00     0.00     0.00 -1    -1e-30      0.00 7.098e-01 2.751e-01 2.673e-03 7.300e-04 6.630e-03 -1.000 1.507e-02 -4.165 -3.366 -3.424 -3.266
0.015 0.00898 7.77815 6.3428187370 2.6193525791    6.342  3.576  4.1056  3.039    2  0.000  0.538     0.00     0.00     0.00     0.00     0.00 -1    -1e-30      0.00 7.098e-01 2.751e-01 2.673e-03 7.300e-04 6.630e-03 -1.000 1.507e-02 -4.169 -3.437 -3.491 -3.344
0.015 0.00898 7.77815 6.3430480957 2.6193532944    6.342  3.576  4.0936  2.990    2  0.000  0.538     0.00     0.00     0.00     0.00     0.00 -1    -1e-30      0.00 7.098e-01 2.751e-01 2.673e-03 7.300e-04 6.630e-03 -1.000 1.507e-02 -4.171 -3.504 -3.554 -3.418
0.015 0.00898 7.77815 6.3432703018 2.6193540096    6.342  3.576  4.0816  2.942    2  0.000  0.538     0.00     0.00     0.00     0.00     0.00 -1    -1e-30      0.00 7.098e-01 2.751e-01 2.673e-03 7.300e-04 6.630e-03 -1.000 1.507e-02 -4.170 -3.567 -3.613 -3.489
0.015 0.00898 7.77815 6.3434834480 2.6193544865    6.342  3.575  4.0696  2.895    2  0.000  0.538     0.00     0.00     0.00     0.00     0.00 -1    -1e-30      0.00 7.098e-01 2.751e-01 2.673e-03 7.300e-04 6.630e-03 -1.000 1.507e-02 -4.168 -3.627 -3.669 -3.557
0.015 0.00898 7.77815 6.3436884880 2.6193552017    6.343  3.574  4.0576  2.849    2  0.000  0.538     0.00     0.00     0.00     0.00     0.00 -1    -1e-30      0.00 7.098e-01 2.751e-01 2.673e-03 7.300e-04 6.630e-03 -1.000 1.507e-02 -4.164 -3.684 -3.722 -3.622
0.015 0.00898 7.77815 6.3438844681 2.6193556786    6.343  3.571  4.0455  2.803    2  0.000  0.538     0.00     0.00     0.00     0.00     0.00 -1    -1e-30      0.00 7.098e-01 2.751e-01 2.673e-03 7.300e-04 6.630e-03 -1.000 1.507e-02 -4.158 -3.739 -3.772 -3.685
0.015 0.00898 7.77815 6.3440718651 2.6193563938    6.343  3.569  4.0335  2.758    2  0.000  0.538     0.00     0.00     0.00     0.00     0.00 -1    -1e-30      0.00 7.098e-01 2.751e-01 2.673e-03 7.300e-04 6.630e-03 -1.000 1.507e-02 -4.151 -3.790 -3.819 -3.744
0.015 0.00898 7.77815 6.3442497253 2.6193568707    6.343  3.565  4.0215  2.713    2  0.000  0.538     0.00     0.00     0.00     0.00     0.00 -1    -1e-30      0.00 7.098e-01 2.751e-01 2.673e-03 7.300e-04 6.630e-03 -1.000 1.507e-02 -4.143 -3.839 -3.864 -3.802
0.015 0.00898 7.77815 6.3444190025 2.6193573475    6.343  3.562  4.0095  2.669    2  0.000  0.538     0.00     0.00     0.00     0.00     0.00 -1    -1e-30      0.00 7.098e-01 2.751e-01 2.673e-03 7.300e-04 6.630e-03 -1.000 1.507e-02 -4.134 -3.886 -3.906 -3.857
0.015 0.00898 7.77815 6.3445801735 2.6193578243    6.344  3.557  3.9974  2.625    2  0.000  0.538     0.00     0.00     0.00     0.00     0.00 -1    -1e-30      0.00 7.098e-01 2.751e-01 2.673e-03 7.300e-04 6.630e-03 -1.000 1.507e-02 -4.124 -3.930 -3.946 -3.909
0.015 0.00898 7.77815 6.3447332382 2.6193583012    6.344  3.553  3.9854  2.581    2  0.000  0.538     0.00     0.00     0.00     0.00     0.00 -1    -1e-30      0.00 7.098e-01 2.751e-01 2.673e-03 7.300e-04 6.630e-03 -1.000 1.507e-02 -4.113 -3.972 -3.982 -3.960
0.015 0.00898 7.77815 6.3448791504 2.6193587780    6.344  3.548  3.9734  2.538    2  0.000  0.538     0.00     0.00     0.00     0.00     0.00 -1    -1e-30      0.00 7.098e-01 2.751e-01 2.673e-03 7.300e-04 6.630e-03 -1.000 1.507e-02 -4.101 -4.010 -4.016 -4.009
0.015 0.00898 7.77815 6.3450174332 2.6193592548    6.344  3.543  3.9614  2.495    2  0.000  0.538     0.00     0.00     0.00     0.00     0.00 -1    -1e-30      0.00 7.098e-01 2.751e-01 2.673e-03 7.300e-04 6.630e-03 -1.000 1.507e-02 -4.088 -4.046 -4.046 -4.055
0.015 0.00898 7.77815 6.3451495171 2.6193594933    6.344  3.538  3.9493  2.452    2  0.000  0.538     0.00     0.00     0.00     0.00     0.00 -1    -1e-30      0.00 7.098e-01 2.751e-01 2.673e-03 7.300e-04 6.630e-03 -1.000 1.507e-02 -4.075 -4.078 -4.071 -4.101
0.015 0.00898 7.77815 6.3453054428 2.6193599701    6.344  3.531  3.9342  2.398    2  0.000  0.538     0.00     0.00     0.00     0.00     0.00 -1    -1e-30      0.00 7.098e-01 2.751e-01 2.673e-03 7.300e-04 6.630e-03 -1.000 1.507e-02 -4.057 -4.112 -4.094 -4.153
0.015 0.00898 7.77815 6.3454232216 2.6193604469    6.344  3.525  3.9222  2.356    2  0.000  0.538     0.00     0.00     0.00     0.00     0.00 -1    -1e-30      0.00 7.098e-01 2.751e-01 2.673e-03 7.300e-04 6.630e-03 -1.000 1.507e-02 -4.043 -4.131 -4.104 -4.192
0.015 0.00898 7.77815 6.3455352783 2.6193606853    6.344  3.519  3.9101  2.314    2  0.000  0.538     0.00     0.00     0.00     0.00     0.00 -1    -1e-30      0.00 7.098e-01 2.751e-01 2.673e-03 7.300e-04 6.630e-03 -1.000 1.507e-02 -4.028 -4.144 -4.105 -4.227
0.015 0.00898 7.77815 6.3456411362 2.6193609238    6.345  3.513  3.8981  2.272    2  0.000  0.538     0.00     0.00     0.00     0.00     0.00 -1    -1e-30      0.00 7.098e-01 2.751e-01 2.673e-03 7.300e-04 6.630e-03 -1.000 1.507e-02 -4.012 -4.151 -4.098 -4.258
0.015 0.00898 7.77815 6.3457412720 2.6193614006    6.345  3.507  3.8861  2.230    2  0.000  0.538     0.00     0.00     0.00     0.00     0.00 -1    -1e-30      0.00 7.098e-01 2.751e-01 2.673e-03 7.300e-04 6.630e-03 -1.000 1.507e-02 -3.996 -4.151 -4.083 -4.287
0.015 0.00898 7.77815 6.3458366394 2.6193616390    6.345  3.500  3.8740  2.188    2  0.000  0.538     0.00     0.00     0.00     0.00     0.00 -1    -1e-30      0.00 7.098e-01 2.751e-01 2.673e-03 7.300e-04 6.630e-03 -1.000 1.507e-02 -3.980 -4.147 -4.060 -4.313
0.015 0.00898 7.77815 6.3459267616 2.6193618774    6.345  3.493  3.8619  2.147    2  0.000  0.538     0.00     0.00     0.00     0.00     0.00 -1    -1e-30      0.00 7.098e-01 2.751e-01 2.673e-03 7.300e-04 6.630e-03 -1.000 1.507e-02 -3.964 -4.139 -4.032 -4.338
0.015 0.00898 7.77815 6.3460125923 2.6193621159    6.345  3.487  3.8499  2.105    2  0.000  0.538     0.00     0.00     0.00     0.00     0.00 -1    -1e-30      0.00 7.098e-01 2.751e-01 2.673e-03 7.300e-04 6.630e-03 -1.000 1.507e-02 -3.947 -4.127 -3.998 -4.361
0.015 0.00898 7.77815 6.3460936546 2.6193623543    6.345  3.480  3.8379  2.064    2  0.000  0.538     0.00     0.00     0.00     0.00     0.00 -1    -1e-30      0.00 7.098e-01 2.751e-01 2.673e-03 7.300e-04 6.630e-03 -1.000 1.507e-02 -3.930 -4.112 -3.960 -4.382
0.015 0.00898 7.77815 6.3461709023 2.6193625927    6.345  3.473  3.8258  2.023    2  0.000  0.538     0.00     0.00     0.00     0.00     0.00 -1    -1e-30      0.00 7.098e-01 2.751e-01 2.673e-03 7.300e-04 6.630e-03 -1.000 1.507e-02 -3.913 -4.094 -3.918 -4.400
0.015 0.00898 7.77815 6.3462443352 2.6193628311    6.345  3.466  3.8138  1.982    2  0.000  0.538     0.00     0.00     0.00     0.00     0.00 -1    -1e-30      0.00 7.098e-01 2.751e-01 2.673e-03 7.300e-04 6.630e-03 -1.000 1.507e-02 -3.895 -4.073 -3.872 -4.413
0.015 0.00898 7.77815 6.3463139534 2.6193630695    6.345  3.459  3.8018  1.941    2  0.000  0.538     0.00     0.00     0.00     0.00     0.00 -1    -1e-30      0.00 7.098e-01 2.751e-01 2.673e-03 7.300e-04 6.630e-03 -1.000 1.507e-02 -3.877 -4.051 -3.824 -4.426
0.015 0.00898 7.77815 6.3463807106 2.6193633080    6.345  3.452  3.7897  1.900    2  0.000  0.538     0.00     0.00     0.00     0.00     0.00 -1    -1e-30      0.00 7.098e-01 2.751e-01 2.673e-03 7.300e-04 6.630e-03 -1.000 1.507e-02 -3.859 -4.026 -3.771 -4.435
0.015 0.00898 7.77815 6.3464431763 2.6193633080    6.345  3.444  3.7778  1.860    2  0.000  0.538     0.00     0.00     0.00     0.00     0.00 -1    -1e-30      0.00 7.098e-01 2.751e-01 2.673e-03 7.300e-04 6.630e-03 -1.000 1.507e-02 -3.840 -3.999 -3.715 -4.444
0.015 0.00898 7.77815 6.3465032578 2.6193635464    6.345  3.436  3.7657  1.819    2  0.000  0.538     0.00     0.00     0.00     0.00     0.00 -1    -1e-30      0.00 7.098e-01 2.751e-01 2.673e-03 7.300e-04 6.630e-03 -1.000 1.507e-02 -3.821 -3.967 -3.650 -4.449
0.015 0.00898 7.77815 6.3465604782 2.6193637848    6.345  3.429  3.7537  1.779    2  0.000  0.538     0.00     0.00     0.00     0.00     0.00 -1    -1e-30      0.00 7.098e-01 2.751e-01 2.673e-03 7.300e-04 6.630e-03 -1.000 1.507e-02 -3.802 -3.933 -3.586 -4.447
0.015 0.00898 7.77815 6.3466143608 2.6193640232    6.346  3.421  3.7419  1.739    2  0.000  0.538     0.00     0.00     0.00     0.00     0.00 -1    -1e-30      0.00 7.098e-01 2.751e-01 2.673e-03 7.300e-04 6.630e-03 -1.000 1.507e-02 -3.782 -3.896 -3.518 -4.441
0.015 0.00898 7.77815 6.3466677666 2.6193640232    6.346  3.412  3.7299  1.700    2  0.000  0.538     0.00     0.00     0.00     0.00     0.00 -1    -1e-30      0.00 7.098e-01 2.751e-01 2.673e-03 7.300e-04 6.630e-03 -1.000 1.507e-02 -3.760 -3.853 -3.445 -4.428
0.015 0.00898 7.77815 6.3467226028 2.6193642616    6.346  3.403  3.7179  1.662    2  0.000  0.538     0.00     0.00     0.00     0.00     0.00 -1    -1e-30      0.00 7.098e-01 2.751e-01 2.673e-03 7.300e-04 6.630e-03 -1.000 1.507e-02 -3.736 -3.804 -3.365 -4.408
0.015 0.00898 7.77815 6.3467822075 2.6193645000    6.346  3.391  3.7058  1.625    2  0.000  0.538     0.00     0.00     0.00     0.00     0.00 -1    -1e-30      0.00 7.098e-01 2.751e-01 2.673e-03 7.300e-04 6.630e-03 -1.000 1.507e-02 -3.708 -3.746 -3.276 -4.378
0.015 0.00898 7.77815 6.3468508720 2.6193647385    6.346  3.376  3.6940  1.592    2  0.000  0.538     0.00     0.00     0.00     0.00     0.00 -1    -1e-30      0.00 7.098e-01 2.751e-01 2.673e-03 7.300e-04 6.630e-03 -1.000 1.507e-02 -3.671 -3.677 -3.177 -4.335
0.015 0.00898 7.77815 6.3469600677 2.6193649769    6.346  3.352  3.6819  1.568    2  0.000  0.538     0.00     0.00     0.00     0.00     0.00 -1    -1e-30      0.00 7.098e-01 2.751e-01 2.673e-03 7.300e-04 6.630e-03 -1.000 1.507e-02 -3.610 -3.580 -3.050 -4.263
0.015 0.00898 7.77815 6.3470726013 2.6193652153    6.346  3.326  3.6727  1.557    2  0.000  0.538     0.00     0.00     0.00     0.00     0.00 -1    -1e-30      0.00 7.098e-01 2.751e-01 2.673e-03 7.300e-04 6.630e-03 -1.000 1.507e-02 -3.546 -3.486 -2.937 -4.184
0.015 0.00898 7.77815 6.3471989632 2.6193656921    6.346  3.301  3.6635  1.546    2  0.000  0.538     0.00     0.00     0.00     0.00     0.00 -1    -1e-30      0.00 7.098e-01 2.751e-01 2.673e-03 7.300e-04 6.630e-03 -1.000 1.507e-02 -3.482 -3.389 -2.820 -4.103
0.015 0.00898 7.77815 6.3472886086 2.6193659306    6.346  3.292  3.6574  1.531    2  0.000  0.538     0.00     0.00     0.00     0.00     0.00 -1    -1e-30      0.00 7.098e-01 2.751e-01 2.673e-03 7.300e-04 6.630e-03 -1.000 1.507e-02 -3.459 -3.340 -2.757 -4.067
0.015 0.00898 7.77815 6.3473749161 2.6193661690    6.346  3.300  3.6513  1.497    3  0.000  0.538    10.50     9.13     6.64     4.79     3.94  4    -1e-30      0.00 7.098e-01 2.751e-01 2.673e-03 7.300e-04 6.630e-03 -1.000 1.507e-02 -3.481 -3.335 -2.734 -4.075
0.015 0.00898 7.77815 6.3474860191 2.6193664074    6.346  3.333  3.6429  1.431    3  0.000  0.537    12.16    10.29     7.45     5.38     4.43  4    -1e-30      0.00 7.098e-01 2.751e-01 2.672e-03 7.302e-04 6.630e-03 -1.000 1.507e-02 -3.563 -3.377 -2.748 -4.138
0.015 0.00898 7.77815 6.3475685120 2.6193666458    6.346  3.374  3.6363  1.364    3  0.000  0.535    14.08    11.62     8.36     6.05     4.98  4    -1e-30      0.00 7.098e-01 2.751e-01 2.662e-03 7.330e-04 6.630e-03 -1.000 1.507e-02 -3.665 -3.445 -2.793 -4.223
0.015 0.00898 7.77815 6.3476328850 2.6193668842    6.346  3.413  3.6312  1.304    3  0.000  0.526    16.05    12.94     9.26     6.72     5.53  4    -1e-30      0.00 7.098e-01 2.751e-01 2.614e-03 7.589e-04 6.630e-03 -1.000 1.508e-02 -3.763 -3.516 -2.845 -4.308
0.015 0.00898 7.77815 6.3476934433 2.6193671227    6.347  3.451  3.6267  1.248    3  0.000  0.505    18.16    14.32    10.21     7.41     6.11  4    -1e-30      0.00 7.097e-01 2.752e-01 2.509e-03 8.544e-04 6.630e-03 -1.000 1.507e-02 -3.858 -3.586 -2.898 -4.390
0.015 0.00898 7.77815 6.3477382660 2.6193673611    6.347  3.479  3.6236  1.208    3  0.000  0.485    19.81    15.39    10.93     7.95     6.55  4    -1e-30      0.00 7.097e-01 2.752e-01 2.409e-03 9.631e-04 6.630e-03 -1.000 1.507e-02 -3.926 -3.637 -2.936 -4.449
0.015 0.00898 7.77815 6.3477683067 2.6193673611    6.347  3.495  3.6219  1.186    3  0.000  0.472    20.83    16.03    11.37     8.27     6.81  4    -1e-30      0.00 7.097e-01 2.752e-01 2.346e-03 1.039e-03 6.630e-03 -1.000 1.507e-02 -3.967 -3.667 -2.960 -4.484
0.015 0.00898 7.77815 6.3478384018 2.6193675995    6.347  3.527  3.6185  1.139    3  0.000  0.450    23.05    17.43    12.31     8.97     7.39  4    -1e-30      0.00 7.096e-01 2.752e-01 2.238e-03 1.171e-03 6.630e-03 -1.000 1.517e-02 -4.048 -3.728 -3.006 -4.555
0.015 0.00898 7.77815 6.3478565216 2.6193675995    6.347  3.534  3.6179  1.130    3  0.000  0.446    23.51    17.72    12.50     9.11     7.51  4    -1e-30      0.00 7.096e-01 2.752e-01 2.220e-03 1.195e-03 6.630e-03 -1.000 1.517e-02 -4.064 -3.740 -3.015 -4.569
0.015 0.00898 7.77815 6.3480820656 2.6193683147    6.347  3.578  3.6133  1.068    3  0.000  0.424    26.98    19.84    13.93    10.17     8.38  4    -1e-30      0.00 7.096e-01 2.752e-01 2.107e-03 1.333e-03 6.630e-03 -1.000 1.517e-02 -4.175 -3.822 -3.077 -4.664
0.015 0.00898 7.77815 6.3485345840 2.6193697453    6.347  3.625  3.6084  1.001    3  0.000  0.403    31.27    22.41    15.65    11.44     9.43  4    -1e-30      0.00 7.092e-01 2.757e-01 1.995e-03 1.497e-03 6.600e-03 -1.000 1.517e-02 -4.294 -3.909 -3.141 -4.765
0.015 0.00898 7.77815 6.3490324020 2.6193711758    6.348  3.664  3.6045  0.946    3  0.000  0.395    35.22    24.71    17.18    12.58    10.38  4    -1e-30      0.00 7.072e-01 2.776e-01 1.919e-03 1.694e-03 6.482e-03 -1.000 1.517e-02 -4.391 -3.979 -3.191 -4.848
0.015 0.00898 7.77815 6.3496208191 2.6193728447    6.349  3.707  3.6005  0.888    3  0.000  0.392    40.02    27.45    19.00    13.93    11.49  4    -1e-30      0.00 7.027e-01 2.822e-01 1.851e-03 1.941e-03 6.296e-03 -1.000 1.517e-02 -4.497 -4.056 -3.248 -4.938
0.015 0.00898 7.77815 6.3501634598 2.6193745136    6.349  3.745  3.5971  0.837    3  0.000  0.391    44.81    30.13    20.77    15.25    12.58  4    -1e-30      0.00 6.971e-01 2.877e-01 1.802e-03 2.141e-03 6.137e-03 -1.000 1.517e-02 -4.591 -4.124 -3.296 -5.018
0.015 0.00898 7.77815 6.3507962227 2.6193764210    6.350  3.785  3.5935  0.782    3  0.000  0.391    50.56    33.28    22.83    16.79    13.86  4    -1e-30      0.00 6.907e-01 2.941e-01 1.758e-03 2.320e-03 5.995e-03 -1.000 1.516e-02 -4.693 -4.197 -3.347 -5.104
0.015 0.00898 7.77815 6.3516755104 2.6193790436    6.351  3.817  3.5908  0.739    3  0.000  0.391    55.50    35.93    24.57    18.09    14.93  4    -1e-30      0.00 6.860e-01 2.988e-01 1.731e-03 2.431e-03 5.905e-03 -1.000 1.515e-02 -4.772 -4.254 -3.387 -5.171
0.015 0.00898 7.77815 6.3533344269 2.6193840504    6.352  3.844  3.5884  0.703    3  0.000  0.391    60.16    38.40    26.18    19.29    15.93  4    -1e-30      0.00 6.827e-01 3.021e-01 1.715e-03 2.502e-03 5.848e-03 -1.000 1.514e-02 -4.840 -4.302 -3.418 -5.227
0.015 0.00898 7.77815 6.3588833809 2.6194005013    6.358  3.829  3.5901  0.725    3  0.000  0.391    57.31    36.90    25.20    18.56    15.32  4    -1e-30      0.00 6.827e-01 3.021e-01 1.715e-03 2.502e-03 5.848e-03 -1.000 1.515e-02 -4.803 -4.280 -3.409 -5.199
0.015 0.00898 7.77815 6.3689641953 2.6194303036    6.368  3.795  3.5938  0.774    4  0.000  0.391     0.00     0.00     0.00     0.00     0.00 -1    -1e-30      0.00 6.827e-01 3.021e-01 1.715e-03 2.502e-03 5.848e-03 -1.000 1.515e-02 -4.717 -4.223 -3.374 -5.129
0.015 0.00898 7.77815 6.3757472038 2.6194503307    6.375  3.763  3.5970  0.819    4  0.000  0.391     0.00     0.00     0.00     0.00     0.00 -1    -1e-30      0.00 6.827e-01 3.021e-01 1.715e-03 2.501e-03 5.848e-03 -1.000 1.515e-02 -4.637 -4.169 -3.339 -5.064
0.015 0.00898 7.77815 6.3819193840 2.6194686890    6.381  3.730  3.6003  0.866    4  0.000  0.391     0.00     0.00     0.00     0.00     0.00 -1    -1e-30      0.00 6.827e-01 3.021e-01 1.715e-03 2.501e-03 5.848e-03 -1.000 1.516e-02 -4.554 -4.112 -3.302 -4.995
0.015 0.00898 7.77815 6.3877267838 2.6194858551    6.386  3.696  3.6036  0.913    4  0.000  0.391     0.00     0.00     0.00     0.00     0.00 -1    -1e-30      0.00 6.827e-01 3.021e-01 1.715e-03 2.501e-03 5.848e-03 -1.000 1.516e-02 -4.471 -4.053 -3.260 -4.925
0.015 0.00898 7.77815 6.3936362267 2.6195030212    6.392  3.663  3.6071  0.961    4  0.000  0.391     0.00     0.00     0.00     0.00     0.00 -1    -1e-30      0.00 6.827e-01 3.021e-01 1.715e-03 2.501e-03 5.848e-03 -1.000 1.516e-02 -4.387 -3.994 -3.218 -4.854
0.015 0.00898 7.77815 6.4000005722 2.6195218563    6.399  3.629  3.6107  1.009    4  0.000  0.391     0.00     0.00     0.00     0.00     0.00 -1    -1e-30      0.00 6.827e-01 3.021e-01 1.715e-03 2.501e-03 5.848e-03 -1.000 1.517e-02 -4.304 -3.935 -3.178 -4.784
0.015 0.00898 7.77815 6.4058718681 2.6195390224    6.405  3.601  3.6138  1.050    4  0.000  0.391     0.00     0.00     0.00     0.00     0.00 -1    -1e-30      0.00 6.827e-01 3.021e-01 1.715e-03 2.501e-03 5.848e-03 -1.000 1.517e-02 -4.233 -3.884 -3.140 -4.724
0.015 0.00898 7.77815 6.4164476395 2.6195697784    6.415  3.562  3.6187  1.109    4  0.000  0.391     0.00     0.00     0.00     0.00     0.00 -1    -1e-30      0.00 6.827e-01 3.021e-01 1.715e-03 2.502e-03 5.848e-03 -1.000 1.517e-02 -4.136 -3.817 -3.095 -4.644
0.015 0.00898 7.77815 6.4353375435 2.6196246147    6.434  3.527  3.6258  1.174    4  0.000  0.391     0.00     0.00     0.00     0.00     0.00 -1    -1e-30      0.00 6.827e-01 3.021e-01 1.715e-03 2.502e-03 5.848e-03 -1.000 1.517e-02 -4.049 -3.772 -3.078 -4.579
0.015 0.00898 7.77815 6.4451589584 2.6196529865    6.444  3.517  3.6293  1.199    4  0.000  0.391     0.00     0.00     0.00     0.00     0.00 -1    -1e-30      0.00 6.827e-01 3.021e-01 1.715e-03 2.502e-03 5.847e-03 -1.000 1.517e-02 -4.023 -3.766 -3.086 -4.564
0.015 0.00898 7.77815 6.4598584175 2.6196951866    6.458  3.545  3.6379  1.206    5  0.000  0.391     0.00     0.00     0.00     0.00     0.00 -1    -1e-30      0.00 6.828e-01 3.021e-01 1.715e-03 2.502e-03 5.847e-03 -1.000 1.517e-02 -4.093 -3.883 -3.232 -4.659
0.015 0.00898 7.77815 6.4632453918 2.6197049618    6.462  3.565  3.6425  1.206    5  0.000  0.391     0.00     0.00     0.00     0.00     0.00 -1    -1e-30      0.00 6.828e-01 3.021e-01 1.715e-03 2.502e-03 5.847e-03 -1.000 1.517e-02 -4.142 -3.955 -3.319 -4.720
0.015 0.00898 7.77815 6.4650869370 2.6197102070    6.464  3.581  3.6467  1.206    5  0.000  0.391     0.00     0.00     0.00     0.00     0.00 -1    -1e-30      0.00 6.828e-01 3.021e-01 1.715e-03 2.502e-03 5.847e-03 -1.000 1.517e-02 -4.183 -4.016 -3.394 -4.772
0.015 0.00898 7.77815 6.4661998749 2.6197133064    6.465  3.595  3.6512  1.211    5  0.000  0.391     0.00     0.00     0.00     0.00     0.00 -1    -1e-30      0.00 6.828e-01 3.021e-01 1.715e-03 2.502e-03 5.847e-03 -1.000 1.517e-02 -4.216 -4.072 -3.463 -4.817
0.015 0.00898 7.77815 6.4665913582 2.6197144985    6.465  3.600  3.6534  1.214    5  0.000  0.391     0.00     0.00     0.00     0.00     0.00 -1    -1e-30      0.00 6.828e-01 3.021e-01 1.715e-03 2.502e-03 5.847e-03 -1.000 1.517e-02 -4.229 -4.095 -3.493 -4.835
0.015 0.00898 7.77815 6.4669461250 2.6197154522    6.465  3.604  3.6559  1.220    5  0.000  0.391     0.00     0.00     0.00     0.00     0.00 -1    -1e-30      0.00 6.828e-01 3.021e-01 1.715e-03 2.502e-03 5.847e-03 -1.000 1.517e-02 -4.241 -4.118 -3.523 -4.852
0.015 0.00898 7.77815 6.4672474861 2.6197164059    6.466  3.608  3.6584  1.226    5  0.000  0.391     0.00     0.00     0.00     0.00     0.00 -1    -1e-30      0.00 6.828e-01 3.021e-01 1.715e-03 2.502e-03 5.847e-03 -1.000 1.517e-02 -4.251 -4.139 -3.552 -4.868
0.015 0.00898 7.77815 6.4675230980 2.6197171211    6.466  3.612  3.6608  1.232    5  0.000  0.391     0.00     0.00     0.00     0.00     0.00 -1    -1e-30      0.00 6.828e-01 3.021e-01 1.715e-03 2.502e-03 5.847e-03 -1.000 1.517e-02 -4.260 -4.157 -3.575 -4.882
0.015 0.00898 7.77815 6.4678177834 2.6197180748    6.466  3.616  3.6632  1.238    5  0.000  0.391     0.00     0.00     0.00     0.00     0.00 -1    -1e-30      0.00 6.828e-01 3.021e-01 1.715e-03 2.502e-03 5.847e-03 -1.000 1.517e-02 -4.269 -4.176 -3.599 -4.897
0.015 0.00898 7.77815 6.4681406021 2.6197187901    6.467  3.620  3.6659  1.245    5  0.000  0.391     0.00     0.00     0.00     0.00     0.00 -1    -1e-30      0.00 6.828e-01 3.021e-01 1.715e-03 2.502e-03 5.847e-03 -1.000 1.517e-02 -4.279 -4.196 -3.625 -4.912
0.015 0.00898 7.77815 6.4685049057 2.6197199821    6.467  3.624  3.6707  1.259    5  0.000  0.391     0.00     0.00     0.00     0.00     0.00 -1    -1e-30      0.00 6.828e-01 3.021e-01 1.715e-03 2.502e-03 5.847e-03 -1.000 1.517e-02 -4.291 -4.226 -3.665 -4.933
0.015 0.00898 7.77815 6.4689278603 2.6197211742    6.467  3.630  3.6767  1.278    5  0.000  0.391     0.00     0.00     0.00     0.00     0.00 -1    -1e-30      0.00 6.828e-01 3.021e-01 1.715e-03 2.502e-03 5.847e-03 -1.000 1.517e-02 -4.304 -4.259 -3.710 -4.956
0.015 0.00898 7.77815 6.4694294930 2.6197226048    6.468  3.635  3.6847  1.304    5  0.000  0.391     0.00     0.00     0.00     0.00     0.00 -1    -1e-30      0.00 6.828e-01 3.021e-01 1.715e-03 2.502e-03 5.847e-03 -1.000 1.517e-02 -4.318 -4.296 -3.764 -4.981
0.015 0.00898 7.77815 6.4700326920 2.6197242737    6.468  3.641  3.6949  1.339    5  0.000  0.391     0.00     0.00     0.00     0.00     0.00 -1    -1e-30      0.00 6.828e-01 3.021e-01 1.715e-03 2.502e-03 5.847e-03 -1.000 1.517e-02 -4.333 -4.343 -3.837 -5.006
0.015 0.00898 7.77815 6.4707579613 2.6197264194    6.469  3.648  3.7072  1.382    5  0.000  0.391     0.00     0.00     0.00     0.00     0.00 -1    -1e-30      0.00 6.828e-01 3.021e-01 1.715e-03 2.502e-03 5.847e-03 -1.000 1.517e-02 -4.351 -4.395 -3.921 -5.030
0.015 0.00898 7.77815 6.4716148376 2.6197288036    6.470  3.656  3.7208  1.428    5  0.000  0.391     0.00     0.00     0.00     0.00     0.00 -1    -1e-30      0.00 6.828e-01 3.021e-01 1.715e-03 2.502e-03 5.847e-03 -1.000 1.517e-02 -4.369 -4.447 -4.009 -5.049
0.015 0.00898 7.77815 6.4726009369 2.6197316647    6.471  3.664  3.7350  1.477    5  0.000  0.391     0.00     0.00     0.00     0.00     0.00 -1    -1e-30      0.00 6.828e-01 3.021e-01 1.715e-03 2.502e-03 5.847e-03 -1.000 1.517e-02 -4.389 -4.495 -4.095 -5.063
0.015 0.00898 7.77815 6.4737010002 2.6197347641    6.472  3.672  3.7518  1.537    5  0.000  0.391     0.00     0.00     0.00     0.00     0.00 -1    -1e-30      0.00 6.828e-01 3.021e-01 1.715e-03 2.502e-03 5.847e-03 -1.000 1.517e-02 -4.409 -4.542 -4.187 -5.065
0.015 0.00898 7.77815 6.4749011993 2.6197381020    6.473  3.679  3.7699  1.602    5  0.000  0.391     0.00     0.00     0.00     0.00     0.00 -1    -1e-30      0.00 6.828e-01 3.021e-01 1.715e-03 2.502e-03 5.847e-03 -1.000 1.517e-02 -4.427 -4.582 -4.273 -5.054
0.015 0.00898 7.77815 6.4761967659 2.6197419167    6.475  3.685  3.7873  1.665    5  0.000  0.391     0.00     0.00     0.00     0.00     0.00 -1    -1e-30      0.00 6.828e-01 3.021e-01 1.715e-03 2.502e-03 5.847e-03 -1.000 1.517e-02 -4.443 -4.613 -4.354 -5.028
0.015 0.00898 7.77815 6.4775943756 2.6197459698    6.476  3.692  3.8032  1.723    5  0.000  0.391     0.00     0.00     0.00     0.00     0.00 -1    -1e-30      0.00 6.828e-01 3.021e-01 1.715e-03 2.502e-03 5.847e-03 -1.000 1.517e-02 -4.459 -4.639 -4.417 -5.006
0.015 0.00898 7.77815 6.4791111946 2.6197502613    6.478  3.698  3.8182  1.776    5  0.000  0.391     0.00     0.00     0.00     0.00     0.00 -1    -1e-30      0.00 6.828e-01 3.021e-01 1.715e-03 2.502e-03 5.847e-03 -1.000 1.517e-02 -4.474 -4.658 -4.470 -4.981
0.015 0.00898 7.77815 6.4807786942 2.6197550297    6.479  3.704  3.8325  1.828    5  0.000  0.391     0.00     0.00     0.00     0.00     0.00 -1    -1e-30      0.00 6.828e-01 3.021e-01 1.715e-03 2.502e-03 5.847e-03 -1.000 1.517e-02 -4.490 -4.676 -4.517 -4.957
0.015 0.00898 7.77815 6.4826602936 2.6197602749    6.481  3.710  3.8465  1.878    5  0.000  0.391     0.00     0.00     0.00     0.00     0.00 -1    -1e-30      0.00 6.828e-01 3.020e-01 1.715e-03 2.502e-03 5.847e-03 -1.000 1.517e-02 -4.505 -4.690 -4.559 -4.928
0.015 0.00898 7.77815 6.4848613739 2.6197664738    6.483  3.716  3.8597  1.925    5  0.000  0.391     0.00     0.00     0.00     0.00     0.00 -1    -1e-30      0.00 6.828e-01 3.020e-01 1.715e-03 2.502e-03 5.847e-03 -1.000 1.517e-02 -4.520 -4.700 -4.595 -4.899
0.015 0.00898 7.77815 6.4877924919 2.6197748184    6.486  3.722  3.8724  1.970    5  0.000  0.391     0.00     0.00     0.00     0.00     0.00 -1    -1e-30      0.00 6.828e-01 3.020e-01 1.715e-03 2.502e-03 5.847e-03 -1.000 1.517e-02 -4.535 -4.707 -4.622 -4.871
0.015 0.00898 7.77815 6.4951744080 2.6197957993    6.494  3.731  3.8866  2.018    5  0.000  0.391     0.00     0.00     0.00     0.00     0.00 -1    -1e-30      0.00 6.828e-01 3.020e-01 1.715e-03 2.502e-03 5.847e-03 -1.000 1.517e-02 -4.557 -4.715 -4.651 -4.844
0.015 0.00898 7.77815 6.5006222725 2.6198110580    6.499  3.733  3.8827  2.001    5  0.000  0.391     0.00     0.00     0.00     0.00     0.00 -1    -1e-30      0.00 6.828e-01 3.020e-01 1.715e-03 2.502e-03 5.847e-03 -1.000 1.517e-02 -4.562 -4.725 -4.655 -4.863
0.015 0.00898 7.77815 6.5086150169 2.6198337078    6.507  3.736  3.8749  1.967    6  0.000  0.391     0.00     0.00     0.00     0.00     0.00 -1    -1e-30      0.00 6.828e-01 3.020e-01 1.715e-03 2.502e-03 5.847e-03 -1.000 1.517e-02 -4.569 -4.739 -4.658 -4.896
0.015 0.00898 7.77815 6.5296597481 2.6198928356    6.528  3.746  3.8606  1.901    6  0.000  0.391     0.00     0.00     0.00     0.00     0.00 -1    -1e-30      0.00 6.828e-01 3.020e-01 1.715e-03 2.502e-03 5.847e-03 -1.000 1.517e-02 -4.595 -4.775 -4.672 -4.971
0.015 0.00898 7.77815 6.5416188240 2.6199262142    6.540  3.751  3.8505  1.857    6  0.000  0.391     0.00     0.00     0.00     0.00     0.00 -1    -1e-30      0.00 6.828e-01 3.020e-01 1.715e-03 2.502e-03 5.847e-03 -1.000 1.517e-02 -4.608 -4.792 -4.669 -5.017
0.015 0.00898 7.77815 6.5485043526 2.6199452877    6.547  3.753  3.8409  1.817    6  0.000  0.391     0.00     0.00     0.00     0.00     0.00 -1    -1e-30      0.00 6.828e-01 3.020e-01 1.715e-03 2.502e-03 5.847e-03 -1.000 1.517e-02 -4.612 -4.798 -4.657 -5.052
0.015 0.00898 7.77815 6.5531363487 2.6199581623    6.551  3.753  3.8323  1.783    6  0.000  0.391     0.00     0.00     0.00     0.00     0.00 -1    -1e-30      0.00 6.829e-01 3.020e-01 1.715e-03 2.502e-03 5.847e-03 -1.000 1.517e-02 -4.612 -4.800 -4.641 -5.080
0.015 0.00898 7.77815 6.5548048019 2.6199626923    6.553  3.756  3.8317  1.777    6  0.000  0.391     0.00     0.00     0.00     0.00     0.00 -1    -1e-30      0.00 6.829e-01 3.020e-01 1.715e-03 2.502e-03 5.847e-03 -1.000 1.517e-02 -4.621 -4.808 -4.649 -5.090
0.015 0.00898 7.77815 6.5574240685 2.6199700832    6.555  3.754  3.8277  1.763    6  0.000  0.391     0.00     0.00     0.00     0.00     0.00 -1    -1e-30      0.00 6.829e-01 3.020e-01 1.715e-03 2.502e-03 5.847e-03 -1.000 1.517e-02 -4.616 -4.803 -4.636 -5.097
0.015 0.00898 7.77815 6.5613999367 2.6199810505    6.559  3.756  3.8187  1.725    6  0.000  0.391     0.00     0.00     0.00     0.00     0.00 -1    -1e-30      0.00 6.829e-01 3.020e-01 1.715e-03 2.502e-03 5.847e-03 -1.000 1.517e-02 -4.621 -4.806 -4.620 -5.127
0.015 0.00898 7.77815 6.5648565292 2.6199905872    6.563  3.761  3.8259  1.749    6  0.000  0.391     0.00     0.00     0.00     0.00     0.00 -1    -1e-30      0.00 6.829e-01 3.020e-01 1.715e-03 2.502e-03 5.847e-03 -1.000 1.517e-02 -4.634 -4.821 -4.649 -5.120
0.015 0.00898 7.77815 6.5678753853 2.6199989319    6.566  3.758  3.8171  1.718    6  0.000  0.391     0.00     0.00     0.00     0.00     0.00 -1    -1e-30      0.00 6.829e-01 3.020e-01 1.715e-03 2.502e-03 5.847e-03 -1.000 1.517e-02 -4.624 -4.809 -4.619 -5.134
0.015 0.00898 7.77815 6.5701293945 2.6200051308    6.568  3.757  3.8097  1.689    6  0.000  0.391     0.00     0.00     0.00     0.00     0.00 -1    -1e-30      0.00 6.829e-01 3.020e-01 1.715e-03 2.502e-03 5.847e-03 -1.000 1.517e-02 -4.622 -4.806 -4.599 -5.153
0.015 0.00898 7.77815 6.5720791817 2.6200106144    6.570  3.756  3.8026  1.662    6  0.000  0.391     0.00     0.00     0.00     0.00     0.00 -1    -1e-30      0.00 6.829e-01 3.020e-01 1.715e-03 2.502e-03 5.847e-03 -1.000 1.517e-02 -4.620 -4.800 -4.578 -5.169
0.015 0.00898 7.77815 6.5736398697 2.6200149059    6.572  3.755  3.7961  1.637    6  0.000  0.391     0.00     0.00     0.00     0.00     0.00 -1    -1e-30      0.00 6.829e-01 3.020e-01 1.715e-03 2.502e-03 5.847e-03 -1.000 1.517e-02 -4.617 -4.794 -4.556 -5.182
0.015 0.00898 7.77815 6.5752143860 2.6200191975    6.573  3.753  3.7890  1.610    6  0.000  0.391     0.00     0.00     0.00     0.00     0.00 -1    -1e-30      0.00 6.829e-01 3.020e-01 1.715e-03 2.502e-03 5.847e-03 -1.000 1.517e-02 -4.614 -4.786 -4.531 -5.196
0.015 0.00898 7.77815 6.5764298439 2.6200225353    6.574  3.752  3.7827  1.587    6  0.000  0.391     0.00     0.00     0.00     0.00     0.00 -1    -1e-30      0.00 6.829e-01 3.020e-01 1.715e-03 2.502e-03 5.847e-03 -1.000 1.517e-02 -4.610 -4.779 -4.507 -5.208
0.015 0.00898 7.77815 6.5777354240 2.6200261116    6.576  3.750  3.7759  1.561    6  0.000  0.391     0.00     0.00     0.00     0.00     0.00 -1    -1e-30      0.00 6.829e-01 3.020e-01 1.715e-03 2.502e-03 5.847e-03 -1.000 1.517e-02 -4.606 -4.768 -4.477 -5.221
0.015 0.00898 7.77815 6.5789546967 2.6200294495    6.577  3.748  3.7691  1.536    6  0.000  0.391     0.00     0.00     0.00     0.00     0.00 -1    -1e-30      0.00 6.829e-01 3.020e-01 1.715e-03 2.502e-03 5.847e-03 -1.000 1.517e-02 -4.600 -4.756 -4.444 -5.231
0.015 0.00898 7.77815 6.5803422928 2.6200332642    6.578  3.745  3.7618  1.510    6  0.000  0.391     0.00     0.00     0.00     0.00     0.00 -1    -1e-30      0.00 6.829e-01 3.020e-01 1.715e-03 2.502e-03 5.846e-03 -1.000 1.517e-02 -4.593 -4.740 -4.409 -5.237
0.015 0.00898 7.77815 6.5825018883 2.6200392246    6.580  3.739  3.7510  1.474    6  0.000  0.391     0.00     0.00     0.00     0.00     0.00 -1    -1e-30      0.00 6.829e-01 3.020e-01 1.715e-03 2.502e-03 5.846e-03 -1.000 1.517e-02 -4.577 -4.711 -4.352 -5.236
0.015 0.00898 7.77815 6.5842857361 2.6200439930    6.582  3.732  3.7410  1.441    6  0.000  0.391     0.00     0.00     0.00     0.00     0.00 -1    -1e-30      0.00 6.829e-01 3.020e-01 1.715e-03 2.502e-03 5.846e-03 -1.000 1.517e-02 -4.559 -4.677 -4.291 -5.230
0.015 0.00898 7.77815 6.5849394798 2.6200459003    6.583  3.743  3.7386  1.420    6  0.000  0.391     0.00     0.00     0.00     0.00     0.00 -1    -1e-30      0.00 6.829e-01 3.020e-01 1.715e-03 2.502e-03 5.846e-03 -1.000 1.517e-02 -4.588 -4.702 -4.309 -5.262
0.015 0.00898 7.77815 6.5854029655 2.6200470924    6.583  3.751  3.7384  1.411    6  0.000  0.391     0.00     0.00     0.00     0.00     0.00 -1    -1e-30      0.00 6.829e-01 3.019e-01 1.715e-03 2.502e-03 5.846e-03 -1.000 1.517e-02 -4.607 -4.721 -4.327 -5.281
0.015 0.00898 7.77815 6.5856590271 2.6200478077    6.583  3.751  3.7398  1.417    6  0.000  0.391     0.00     0.00     0.00     0.00     0.00 -1    -1e-30      0.00 6.829e-01 3.019e-01 1.715e-03 2.502e-03 5.846e-03 -1.000 1.517e-02 -4.606 -4.722 -4.332 -5.279
0.015 0.00898 7.77815 6.5858845711 2.6200485229    6.584  3.749  3.7413  1.425    6  0.000  0.391     0.00     0.00     0.00     0.00     0.00 -1    -1e-30      0.00 6.829e-01 3.019e-01 1.715e-03 2.502e-03 5.846e-03 -1.000 1.517e-02 -4.603 -4.722 -4.336 -5.274
0.015 0.00898 7.77815 6.5862240791 2.6200494766    6.584  3.748  3.7420  1.428    6  0.000  0.391     0.00     0.00     0.00     0.00     0.00 -1    -1e-30      0.00 6.829e-01 3.019e-01 1.715e-03 2.502e-03 5.846e-03 -1.000 1.517e-02 -4.600 -4.720 -4.336 -5.271
0.015 0.00898 7.77815 6.5879950523 2.6200542450    6.586  3.745  3.7348  1.403    6  0.000  0.391     0.00     0.00     0.00     0.00     0.00 -1    -1e-30      0.00 6.829e-01 3.019e-01 1.715e-03 2.502e-03 5.846e-03 -1.000 1.517e-02 -4.593 -4.699 -4.296 -5.269
0.015 0.00898 7.77815 6.5897445679 2.6200590134    6.588  3.740  3.7196  1.347    6  0.000  0.391     0.00     0.00     0.00     0.00     0.00 -1    -1e-30      0.00 6.829e-01 3.019e-01 1.715e-03 2.502e-03 5.846e-03 -1.000 1.517e-02 -4.580 -4.656 -4.212 -5.263
0.015 0.00898 7.77815 6.5910000801 2.6200625896    6.589  3.735  3.7064  1.299    6  0.000  0.391     0.00     0.00     0.00     0.00     0.00 -1    -1e-30      0.00 6.829e-01 3.019e-01 1.715e-03 2.502e-03 5.846e-03 -1.000 1.517e-02 -4.568 -4.611 -4.132 -5.249
0.015 0.00898 7.77815 6.5920920372 2.6200654507    6.590  3.730  3.6939  1.255    6  0.000  0.391     0.00     0.00     0.00     0.00     0.00 -1    -1e-30      0.00 6.829e-01 3.019e-01 1.715e-03 2.502e-03 5.846e-03 -1.000 1.517e-02 -4.554 -4.562 -4.050 -5.228
0.015 0.00898 7.77815 6.5935683250 2.6200695038    6.591  3.720  3.6784  1.203    6  0.000  0.391     0.00     0.00     0.00     0.00     0.00 -1    -1e-30      0.00 6.829e-01 3.019e-01 1.715e-03 2.502e-03 5.846e-03 -1.000 1.517e-02 -4.529 -4.490 -3.942 -5.186
0.015 0.00898 7.77815 6.5951566696 2.6200737953    6.593  3.705  3.6619  1.152    6  0.000  0.391     0.00     0.00     0.00     0.00     0.00 -1    -1e-30      0.00 6.829e-01 3.019e-01 1.715e-03 2.502e-03 5.846e-03 -1.000 1.517e-02 -4.491 -4.394 -3.812 -5.118
0.015 0.00898 7.77815 6.5966620445 2.6200778484    6.594  3.687  3.6495  1.120    6  0.000  0.391     0.00     0.00     0.00     0.00     0.00 -1    -1e-30      0.00 6.829e-01 3.019e-01 1.715e-03 2.502e-03 5.846e-03 -1.000 1.517e-02 -4.447 -4.295 -3.679 -5.046
0.015 0.00898 7.77815 6.5994105339 2.6200854778    6.597  3.661  3.6360  1.093    6  0.000  0.391     0.00     0.00     0.00     0.00     0.00 -1    -1e-30      0.00 6.829e-01 3.019e-01 1.715e-03 2.502e-03 5.846e-03 -1.000 1.517e-02 -4.382 -4.162 -3.501 -4.944
0.015 0.00898 7.77815 6.6092176437 2.6201121807    6.607  3.661  3.6172  1.018    6  0.000  0.391     0.00     0.00     0.00     0.00     0.00 -1    -1e-30      0.00 6.829e-01 3.019e-01 1.716e-03 2.502e-03 5.846e-03 -1.000 1.517e-02 -4.382 -4.054 -3.323 -4.886
0.015 0.00898 7.77815 6.6121082306 2.6201200485    6.610  3.693  3.6109  0.961    6  0.000  0.391     0.00     0.00     0.00     0.00     0.00 -1    -1e-30      0.00 6.829e-01 3.019e-01 1.716e-03 2.502e-03 5.846e-03 -1.000 1.517e-02 -4.463 -4.095 -3.337 -4.945
0.015 0.00898 7.77815 6.6127514839 2.6201217175    6.610  3.718  3.6075  0.922    6  0.000  0.391     0.00     0.00     0.00     0.00     0.00 -1    -1e-30      0.00 6.829e-01 3.019e-01 1.716e-03 2.502e-03 5.846e-03 -1.000 1.517e-02 -4.525 -4.133 -3.358 -4.994
0.015 0.00898 7.77815 6.6127738953 2.6201219559    6.610  3.719  3.6073  0.920    6  0.000  0.391     0.00     0.00     0.00     0.00     0.00 -1    -1e-30      0.00 6.829e-01 3.019e-01 1.716e-03 2.502e-03 5.846e-03 -1.000 1.517e-02 -4.528 -4.136 -3.360 -4.997
0.015 0.00898 7.77815 6.6128687859 2.6201221943    6.610  3.728  3.6063  0.907    7  0.000  0.391    38.70    26.80    18.59    13.61    11.23  4    -1e-30      0.00 6.829e-01 3.019e-01 1.716e-03 2.502e-03 5.846e-03 -1.000 1.517e-02 -4.551 -4.151 -3.370 -5.015
0.015 0.00898 7.77815 6.6133565903 2.6201233864    6.611  3.755  3.6036  0.870    7  0.000  0.391    42.03    28.68    19.82    14.53    11.99  4    -1e-30      0.00 6.829e-01 3.019e-01 1.716e-03 2.502e-03 5.846e-03 -1.000 1.517e-02 -4.618 -4.199 -3.404 -5.072
0.015 0.00898 7.77815 6.6144218445 2.6201262474    6.612  3.754  3.6033  0.869    7  0.000  0.391    42.08    28.71    19.84    14.54    12.00  4    -1e-30      0.00 6.829e-01 3.019e-01 1.716e-03 2.502e-03 5.846e-03 -1.000 1.517e-02 -4.615 -4.194 -3.398 -5.068
0.015 0.00898 7.77815 6.6149201393 2.6201276779    6.613  3.787  3.5996  0.822    7  0.000  0.391    46.71    31.27    21.53    15.80    13.04  4    -1e-30      0.00 6.829e-01 3.019e-01 1.716e-03 2.502e-03 5.846e-03 -1.000 1.517e-02 -4.697 -4.250 -3.435 -5.136
0.015 0.00898 7.77815 6.6153416634 2.6201288700    6.613  3.823  3.5959  0.771    7  0.000  0.391    52.28    34.29    23.52    17.28    14.26  4    -1e-30      0.00 6.829e-01 3.019e-01 1.716e-03 2.502e-03 5.846e-03 -1.000 1.517e-02 -4.788 -4.311 -3.473 -5.210
0.015 0.00898 7.77815 6.6158661842 2.6201303005    6.614  3.860  3.5921  0.719    7  0.000  0.391    58.65    37.68    25.73    18.93    15.63  4    -1e-30      0.00 6.829e-01 3.019e-01 1.715e-03 2.503e-03 5.846e-03 -1.000 1.517e-02 -4.880 -4.373 -3.513 -5.286
0.015 0.00898 7.77815 6.6165132523 2.6201319695    6.614  3.898  3.5884  0.666    7  0.000  0.391    65.86    41.43    28.17    20.76    17.14  4    -1e-30      0.00 6.829e-01 3.019e-01 1.714e-03 2.503e-03 5.846e-03 -1.000 1.517e-02 -4.974 -4.435 -3.549 -5.361
0.015 0.00898 7.77815 6.6172981262 2.6201341152    6.615  3.936  3.5846  0.613    7  0.000  0.390    74.08    45.62    30.88    22.79    18.83  4    -1e-30      0.00 6.829e-01 3.019e-01 1.711e-03 2.506e-03 5.846e-03 -1.000 1.517e-02 -5.069 -4.495 -3.582 -5.437
0.015 0.00898 7.77815 6.6182227135 2.6201367378    6.616  3.973  3.5808  0.561    7  0.000  0.388    83.09    50.12    33.79    24.96    20.63  4    -1e-30      0.00 6.829e-01 3.019e-01 1.701e-03 2.516e-03 5.846e-03 -1.000 1.517e-02 -5.162 -4.554 -3.613 -5.510
0.015 0.00898 7.77815 6.6192760468 2.6201395988    6.617  4.012  3.5769  0.507    7  0.000  0.385    93.71    55.31    37.12    27.47    22.70  4    -1e-30      0.00 6.829e-01 3.019e-01 1.690e-03 2.530e-03 5.846e-03 -1.000 1.517e-02 -5.259 -4.608 -3.631 -5.583
0.015 0.00898 7.77815 6.6203479767 2.6201424599    6.618  4.050  3.5730  0.453    7  0.000  0.383   105.51    60.95    40.73    30.18    24.95  4    -1e-30      0.00 6.829e-01 3.019e-01 1.681e-03 2.541e-03 5.846e-03 -1.000 1.517e-02 -5.355 -4.660 -3.644 -5.655
0.015 0.00898 7.77815 6.6213526726 2.6201450825    6.619  4.087  3.5692  0.400    7  0.000  0.381   118.56    67.06    44.62    33.11    27.38  4    -1e-30      0.00 6.829e-01 3.019e-01 1.673e-03 2.551e-03 5.845e-03 -1.000 1.517e-02 -5.448 -4.708 -3.650 -5.723
0.015 0.00898 7.77815 6.6222338676 2.6201474667    6.620  4.122  3.5657  0.352    7  0.000  0.380   131.88    73.17    48.50    36.03    29.80  3    -1e-30      0.00 6.797e-01 3.052e-01 1.660e-03 2.592e-03 5.817e-03 -1.000 1.512e-02 -5.535 -4.748 -3.642 -5.782
0.015 0.00898 7.77815 6.6231317520 2.6201498508    6.621  4.159  3.5621  0.300    7  0.000  0.380   147.73    80.30    53.00    39.43    32.62  3    -1e-30      0.00 6.742e-01 3.106e-01 1.643e-03 2.658e-03 5.766e-03 -1.000 1.515e-02 -5.627 -4.792 -3.637 -5.848
0.015 0.00898 7.77815 6.6239523888 2.6201522350    6.622  4.195  3.5585  0.250    7  0.000  0.379   165.02    87.91    57.79    43.05    35.62  3    -1e-30      0.00 6.691e-01 3.158e-01 1.626e-03 2.723e-03 5.716e-03 -1.000 1.514e-02 -5.717 -4.830 -3.619 -5.907
0.015 0.00898 7.77815 6.6246628761 2.6201541424    6.622  4.225  3.5555  0.208    7  0.000  0.379   181.25    94.94    62.19    46.38    38.39  3    -1e-30      0.00 6.627e-01 3.222e-01 1.607e-03 2.803e-03 5.651e-03 -1.000 1.513e-02 -5.793 -4.857 -3.593 -5.954
0.015 0.00898 7.77815 6.6255154610 2.6201562881    6.623  4.263  3.5532  0.161    7  0.000  0.379   201.22   103.42    67.49    50.39    41.72  3    -1e-30      0.00 6.302e-01 3.547e-01 1.532e-03 3.135e-03 5.381e-03 -1.000 1.513e-02 -5.888 -4.915 -3.608 -6.028
0.015 0.00898 7.77815 6.6256914139 2.6201567650    6.623  4.289  3.5509  0.125    7  0.000  0.380   217.44   110.20    71.71    53.59    44.37  3    -1e-30      0.00 6.180e-01 3.669e-01 1.504e-03 3.259e-03 5.280e-03 -1.000 1.513e-02 -5.953 -4.943 -3.593 -6.071
0.015 0.00898 7.77815 6.6258578300 2.6201572418    6.623  4.314  3.5483  0.090    7  0.000  0.380   235.20   117.52    76.25    57.04    47.24  3    -1e-30      0.00 6.124e-01 3.724e-01 1.491e-03 3.317e-03 5.233e-03 -1.000 1.510e-02 -6.016 -4.960 -3.555 -6.105
0.015 0.00898 7.77815 6.6259107590 2.6201574802    6.624  4.319  3.5479  0.083    7  0.000  0.380   238.59   118.90    77.10    57.69    47.78  3    -1e-30      0.00 6.101e-01 3.747e-01 1.486e-03 3.340e-03 5.214e-03 -1.000 1.514e-02 -6.028 -4.964 -3.548 -6.112
#isochrone terminated
