# File generated by CMD 3.6 (http://stev.oapd.inaf.it/cmd) on Thu Nov 18 13:26:35 CET 2021
# isochrones based on PARSEC release v1.2S +  COLIBRI S_37 + S_35 + PR16
# Basic references: Bressan et al. (2012), MNRAS, 427, 127 + Chen et al. (2014, 2015), MNRAS, 444, 2525 + MNRAS, 452, 1068 + Tang et al. (2014), MNRAS, 445, 4287 + Marigo et al. (2017), ApJ, 835, 77 + Pastorelli al. (2019), MNRAS, 485, 5666 + Pastorelli al. (2020), MNRAS, in press
# Thermal pulse cycles included 
# On RGB, assumed Reimers mass loss with efficiency eta=0.2
# LPV periods and growth rates added cf. Trabucchi et al. (2019)
# but fundamental-mode LPV periods are from Trabucchi et al. (2021)
# Photometric system: Gaia EDR3 (all Vegamags, Gaia passbands from ESA/Gaia website)
# Using YBC version of bolometric corrections as in Chen et al. (2019)
# O-rich circumstellar dpmod60alox40 dust from Groenewegen (2006)
# C-rich circumstellar AMCSIC15 dust from Groenewegen (2006)
# IMF: Kroupa (2001, 2002) + Kroupa et al. (2013) canonical two-part-power law IMF corrected for unresolved binaries 
# Kind of output: isochrone tables
# Zini     MH   logAge Mini        int_IMF         Mass   logL    logTe  logg  label   McoreTP C_O  period0  period1  period2  period3  period4  pmode  Mloss  tau1m   X   Y   Xc  Xn  Xo  Cexcess  Z 	 mbolmag  Gmag    G_BPmag  G_RPmag
0.015 0.00898 9.60206 0.0900000036 1.0816895962    0.090 -3.423  3.3626  5.218    1  0.000  0.545     0.00     0.00     0.00     0.00     0.00 -1 -3.89e-17      0.00 7.093e-01 2.756e-01 2.709e-03 7.309e-04 6.629e-03 -1.000 1.507e-02 13.329 15.381 18.311 13.890
0.015 0.00898 9.60206 0.1000000089 1.1711064577    0.100 -3.240  3.3886  5.185    1  0.000  0.545     0.00     0.00     0.00     0.00     0.00 -1 -5.85e-17      0.00 7.092e-01 2.757e-01 2.709e-03 7.309e-04 6.629e-03 -1.000 1.507e-02 12.871 14.922 17.839 13.432
0.015 0.00898 9.60206 0.1192585975 1.3144094944    0.119 -2.984  3.4224  5.140    1  0.000  0.545     0.00     0.00     0.00     0.00     0.00 -1 -1.02e-16      0.00 7.088e-01 2.761e-01 2.709e-03 7.309e-04 6.629e-03 -1.000 1.507e-02 12.231 14.209 17.010 12.737
0.015 0.00898 9.60206 0.1200000048 1.3193155527    0.120 -2.975  3.4235  5.138    1  0.000  0.545     0.00     0.00     0.00     0.00     0.00 -1 -1.04e-16      0.00 7.088e-01 2.761e-01 2.709e-03 7.309e-04 6.629e-03 -1.000 1.507e-02 12.208 14.169 16.946 12.701
0.015 0.00898 9.60206 0.1400000006 1.4384527206    0.140 -2.792  3.4437  5.103    1  0.000  0.545     0.00     0.00     0.00     0.00     0.00 -1 -1.52e-16      0.00 7.086e-01 2.764e-01 2.709e-03 7.309e-04 6.629e-03 -1.000 1.507e-02 11.750 13.439 15.846 12.035
0.015 0.00898 9.60206 0.1590490788 1.5329648256    0.159 -2.657  3.4566  5.075    1  0.000  0.545     0.00     0.00     0.00     0.00     0.00 -1 -2.01e-16      0.00 7.083e-01 2.767e-01 2.709e-03 7.309e-04 6.629e-03 -1.000 1.507e-02 11.413 12.936 15.119 11.577
0.015 0.00898 9.60206 0.1599999964 1.5372931957    0.160 -2.651  3.4572  5.074    1  0.000  0.545     0.00     0.00     0.00     0.00     0.00 -1 -2.04e-16      0.00 7.083e-01 2.767e-01 2.709e-03 7.309e-04 6.629e-03 -1.000 1.507e-02 11.398 12.913 15.084 11.555
0.015 0.00898 9.60206 0.2000000179 1.6938792467    0.200 -2.435  3.4759  5.030    1  0.000  0.545     0.00     0.00     0.00     0.00     0.00 -1 -3.16e-16      0.00 7.078e-01 2.772e-01 2.709e-03 7.309e-04 6.629e-03 -1.000 1.507e-02 10.857 12.155 14.035 10.862
0.015 0.00898 9.60206 0.2500000000 1.8403258324    0.250 -2.229  3.4923  4.987    1  0.000  0.545     0.00     0.00     0.00     0.00     0.00 -1 -4.76e-16      0.00 7.073e-01 2.777e-01 2.709e-03 7.309e-04 6.629e-03 -1.000 1.507e-02 10.344 11.466 13.116 10.231
0.015 0.00898 9.60206 0.3000000119 1.9529139996    0.300 -2.070  3.5031  4.949    1  0.000  0.545     0.00     0.00     0.00     0.00     0.00 -1 -5.36e-16      0.00 7.070e-01 2.779e-01 2.709e-03 7.309e-04 6.629e-03 -1.000 1.507e-02 9.944 10.970 12.502 9.770
0.015 0.00898 9.60206 0.3444536626 2.0342323780    0.344 -1.929  3.5108  4.899    1  0.000  0.545     0.00     0.00     0.00     0.00     0.00 -1 -8.95e-16      0.00 7.095e-01 2.754e-01 2.709e-03 7.309e-04 6.629e-03 -1.000 1.507e-02 9.593 10.556 12.010 9.380
0.015 0.00898 9.60206 0.3500000238 2.0434176922    0.350 -1.912  3.5117  4.893    0  0.000  0.545     0.00     0.00     0.00     0.00     0.00 -1 -9.29e-16      0.00 7.097e-01 2.753e-01 2.709e-03 7.309e-04 6.629e-03 -1.000 1.507e-02 9.551 10.508 11.954 9.334
0.015 0.00898 9.60206 0.4000000358 2.1185026169    0.400 -1.770  3.5228  4.853    0  0.000  0.545     0.00     0.00     0.00     0.00     0.00 -1 -1.26e-15      0.00 7.097e-01 2.752e-01 2.709e-03 7.309e-04 6.629e-03 -1.000 1.507e-02 9.195 10.067 11.414 8.927
0.015 0.00898 9.60206 0.4500000477 2.1822810173    0.450 -1.620  3.5349  4.803    1  0.000  0.545     0.00     0.00     0.00     0.00     0.00 -1 -1.78e-15      0.00 7.098e-01 2.751e-01 2.709e-03 7.309e-04 6.629e-03 -1.000 1.507e-02 8.821 9.612 10.868 8.506
0.015 0.00898 9.60206 0.5000000000 2.2374541759    0.500 -1.465  3.5498  4.753    1  0.000  0.545     0.00     0.00     0.00     0.00     0.00 -1 -2.56e-15      0.00 7.098e-01 2.751e-01 2.709e-03 7.309e-04 6.629e-03 -1.000 1.507e-02 8.432 9.130 10.286 8.066
0.015 0.00898 9.60206 0.5267490745 2.2634267807    0.527 -1.374  3.5601  4.726    1  0.000  0.545     0.00     0.00     0.00     0.00     0.00 -1 -3.17e-15      0.00 7.146e-01 2.706e-01 2.667e-03 7.195e-04 6.526e-03 -1.000 1.483e-02 8.206 8.839 9.929 7.805
0.015 0.00898 9.60206 0.5500000119 2.2836582661    0.550 -1.299  3.5688  4.704    1  0.000  0.545     0.00     0.00     0.00     0.00     0.00 -1 -3.78e-15      0.00 7.192e-01 2.662e-01 2.626e-03 7.086e-04 6.427e-03 -1.000 1.462e-02 8.017 8.597 9.634 7.589
0.015 0.00898 9.60206 0.6000000238 2.3211214542    0.600 -1.133  3.5924  4.671    1  0.000  0.545     0.00     0.00     0.00     0.00     0.00 -1 -5.52e-15      0.00 7.206e-01 2.648e-01 2.615e-03 7.055e-04 6.400e-03 -1.000 1.456e-02 7.603 8.050 8.962 7.109
0.015 0.00898 9.60206 0.6499999762 2.3520355225    0.650 -0.966  3.6206  4.651    1  0.000  0.545     0.00     0.00     0.00     0.00     0.00 -1 -7.96e-15      0.00 7.220e-01 2.635e-01 2.604e-03 7.026e-04 6.373e-03 -1.000 1.452e-02 7.185 7.497 8.283 6.630
0.015 0.00898 9.60206 0.7000000477 2.3779268265    0.700 -0.806  3.6497  4.640    1  0.000  0.545     0.00     0.00     0.00     0.00     0.00 -1 -1.12e-14      0.00 7.232e-01 2.624e-01 2.593e-03 6.999e-04 6.350e-03 -1.000 1.441e-02 6.784 6.954 7.610 6.173
0.015 0.00898 9.60206 0.7281304002 2.3907094002    0.728 -0.718  3.6661  4.635    1  0.000  0.540     0.00     0.00     0.00     0.00     0.00 -1 -1.36e-14      0.00 7.240e-01 2.616e-01 2.567e-03 6.977e-04 6.335e-03 -1.000 1.442e-02 6.565 6.661 7.253 5.927
0.015 0.00898 9.60206 0.7500000000 2.3998889923    0.750 -0.652  3.6784  4.630    1  0.000  0.537     0.00     0.00     0.00     0.00     0.00 -1 -1.56e-14      0.00 7.246e-01 2.610e-01 2.548e-03 6.961e-04 6.325e-03 -1.000 1.439e-02 6.399 6.447 6.995 5.746
0.015 0.00898 9.60206 0.7918388247 2.4158365726    0.792 -0.533  3.6965  4.608    1  0.000  0.537     0.00     0.00     0.00     0.00     0.00 -1 -2.05e-14      0.00 7.262e-01 2.595e-01 2.535e-03 6.925e-04 6.293e-03 -1.000 1.432e-02 6.103 6.094 6.588 5.440
0.015 0.00898 9.60206 0.8000000715 2.4187245369    0.800 -0.511  3.6999  4.604    1  0.000  0.537     0.00     0.00     0.00     0.00     0.00 -1 -2.16e-14      0.00 7.265e-01 2.592e-01 2.532e-03 6.918e-04 6.287e-03 -1.000 1.432e-02 6.047 6.028 6.511 5.383
0.015 0.00898 9.60206 0.8069398999 2.4211275578    0.807 -0.492  3.7028  4.599    1  0.000  0.537     0.00     0.00     0.00     0.00     0.00 -1 -2.26e-14      0.00 7.268e-01 2.589e-01 2.530e-03 6.911e-04 6.280e-03 -1.000 1.430e-02 5.999 5.973 6.449 5.334
0.015 0.00898 9.60206 0.8500000238 2.4350347519    0.850 -0.375  3.7200  4.574    1  0.000  0.537     0.00     0.00     0.00     0.00     0.00 -1 -2.97e-14      0.00 7.288e-01 2.570e-01 2.514e-03 6.869e-04 6.242e-03 -1.000 1.420e-02 5.706 5.640 6.071 5.042
0.015 0.00898 9.60206 0.8690772057 2.4406919479    0.868 -0.324  3.7270  4.560    1  0.000  0.537     0.00     0.00     0.00     0.00     0.00 -1 -3.35e-14      0.00 7.299e-01 2.560e-01 2.505e-03 6.846e-04 6.221e-03 -1.000 1.414e-02 5.579 5.500 5.916 4.917
0.015 0.00898 9.60206 0.8999999762 2.4492788315    0.899 -0.242  3.7380  4.538    1  0.000  0.537     0.00     0.00     0.00     0.00     0.00 -1 -4.07e-14      0.00 7.317e-01 2.543e-01 2.491e-03 6.806e-04 6.186e-03 -1.000 1.403e-02 5.376 5.278 5.668 4.720
0.015 0.00898 9.60206 0.9087811708 2.4515948296    0.908 -0.219  3.7409  4.531    1  0.000  0.537     0.00     0.00     0.00     0.00     0.00 -1 -4.31e-14      0.00 7.323e-01 2.537e-01 2.486e-03 6.792e-04 6.173e-03 -1.000 1.400e-02 5.318 5.217 5.599 4.665
0.015 0.00898 9.60206 0.9317653775 2.4574205875    0.931 -0.159  3.7483  4.512    1  0.000  0.537     0.00     0.00     0.00     0.00     0.00 -1 -4.99e-14      0.00 7.340e-01 2.520e-01 2.471e-03 6.755e-04 6.140e-03 -1.000 1.394e-02 5.169 5.059 5.424 4.525
0.015 0.00898 9.60206 0.9499999881 2.4618122578    0.949 -0.112  3.7540  4.496    1  0.000  0.537     0.00     0.00     0.00     0.00     0.00 -1 -5.62e-14      0.00 7.354e-01 2.507e-01 2.460e-03 6.724e-04 6.113e-03 -1.000 1.389e-02 5.051 4.937 5.289 4.416
0.015 0.00898 9.60206 0.9530044198 2.4625174999    0.952 -0.105  3.7548  4.493    1  0.000  0.537     0.00     0.00     0.00     0.00     0.00 -1 -5.73e-14      0.00 7.357e-01 2.504e-01 2.458e-03 6.718e-04 6.107e-03 -1.000 1.388e-02 5.032 4.916 5.266 4.398
0.015 0.00898 9.60206 0.9726251960 2.4669992924    0.972 -0.054  3.7604  4.473    1  0.000  0.536     0.00     0.00     0.00     0.00     0.00 -1 -6.52e-14      0.00 7.377e-01 2.485e-01 2.441e-03 6.675e-04 6.068e-03 -1.000 1.380e-02 4.905 4.785 5.123 4.279
0.015 0.00898 9.60206 0.9909023046 2.4709911346    0.991 -0.007  3.7654  4.454    1  0.000  0.536     0.00     0.00     0.00     0.00     0.00 -1 -7.36e-14      0.00 7.396e-01 2.466e-01 2.426e-03 6.632e-04 6.029e-03 -1.000 1.372e-02 4.787 4.665 4.991 4.171
0.015 0.00898 9.60206 1.0000000000 2.4729156494    1.000  0.016  3.7678  4.445    1  0.000  0.536     0.00     0.00     0.00     0.00     0.00 -1 -7.81e-14      0.00 7.407e-01 2.457e-01 2.418e-03 6.610e-04 6.010e-03 -1.000 1.366e-02 4.729 4.605 4.926 4.117
0.015 0.00898 9.60206 1.0004608631 2.4730119705    1.000  0.018  3.7679  4.444    1  0.000  0.536     0.00     0.00     0.00     0.00     0.00 -1 -7.83e-14      0.00 7.407e-01 2.456e-01 2.417e-03 6.608e-04 6.008e-03 -1.000 1.366e-02 4.726 4.602 4.923 4.114
0.015 0.00898 9.60206 1.0195419788 2.4769163132    1.019  0.067  3.7726  4.422    1  0.000  0.536     0.00     0.00     0.00     0.00     0.00 -1 -8.66e-14      0.00 7.436e-01 2.429e-01 2.394e-03 6.546e-04 5.953e-03 -1.000 1.354e-02 4.603 4.478 4.788 4.001
0.015 0.00898 9.60206 1.0372149944 2.4803855419    1.037  0.112  3.7767  4.400    1  0.000  0.536     0.00     0.00     0.00     0.00     0.00 -1 -9.51e-14      0.00 7.464e-01 2.402e-01 2.371e-03 6.484e-04 5.897e-03 -1.000 1.343e-02 4.490 4.363 4.664 3.897
0.015 0.00898 9.60206 1.0499999523 2.4828116894    1.049  0.145  3.7795  4.384    1  0.000  0.536     0.00     0.00     0.00     0.00     0.00 -1 -1.02e-13      0.00 7.485e-01 2.381e-01 2.353e-03 6.437e-04 5.855e-03 -1.000 1.335e-02 4.409 4.280 4.575 3.821
0.015 0.00898 9.60206 1.0641824007 2.4854247570    1.063  0.181  3.7824  4.365    1  0.000  0.536     0.00     0.00     0.00     0.00     0.00 -1  -1.1e-13      0.00 7.518e-01 2.350e-01 2.327e-03 6.366e-04 5.791e-03 -1.000 1.318e-02 4.318 4.189 4.478 3.737
0.015 0.00898 9.60206 1.0805287361 2.4883387089    1.079  0.222  3.7855  4.343    1  0.000  0.535     0.00     0.00     0.00     0.00     0.00 -1  -1.2e-13      0.00 7.559e-01 2.311e-01 2.294e-03 6.278e-04 5.713e-03 -1.000 1.300e-02 4.214 4.085 4.366 3.640
0.015 0.00898 9.60206 1.0956146717 2.4909396172    1.094  0.261  3.7881  4.321    1  0.000  0.535     0.00     0.00     0.00     0.00     0.00 -1  -1.3e-13      0.00 7.598e-01 2.274e-01 2.263e-03 6.193e-04 5.636e-03 -1.000 1.282e-02 4.119 3.989 4.265 3.551
0.015 0.00898 9.60206 1.1000000238 2.4916803837    1.099  0.272  3.7889  4.315    1  0.000  0.535     0.00     0.00     0.00     0.00     0.00 -1 -1.33e-13      0.00 7.610e-01 2.263e-01 2.253e-03 6.167e-04 5.613e-03 -1.000 1.276e-02 4.091 3.962 4.236 3.526
0.015 0.00898 9.60206 1.1037878990 2.4923145771    1.103  0.281  3.7895  4.309    1  0.000  0.535     0.00     0.00     0.00     0.00     0.00 -1 -1.36e-13      0.00 7.615e-01 2.257e-01 2.250e-03 6.158e-04 5.606e-03 -1.000 1.275e-02 4.068 3.938 4.211 3.504
0.015 0.00898 9.60206 1.1185125113 2.4947335720    1.117  0.316  3.7915  4.288    1  0.000  0.535     0.00     0.00     0.00     0.00     0.00 -1 -1.47e-13      0.00 7.635e-01 2.238e-01 2.239e-03 6.132e-04 5.581e-03 -1.000 1.272e-02 3.979 3.849 4.118 3.420
0.015 0.00898 9.60206 1.1322402954 2.4969236851    1.131  0.348  3.7930  4.267    1  0.000  0.534     0.00     0.00     0.00     0.00     0.00 -1 -1.57e-13      0.00 7.650e-01 2.223e-01 2.231e-03 6.118e-04 5.565e-03 -1.000 1.268e-02 3.899 3.770 4.035 3.344
0.015 0.00898 9.60206 1.1444722414 2.4988243580    1.143  0.377  3.7941  4.247    1  0.000  0.534     0.00     0.00     0.00     0.00     0.00 -1 -1.67e-13      0.00 7.661e-01 2.212e-01 2.226e-03 6.109e-04 5.556e-03 -1.000 1.265e-02 3.827 3.697 3.960 3.274
0.015 0.00898 9.60206 1.1499999762 2.4996678829    1.149  0.391  3.7947  4.238    1  0.000  0.534     0.00     0.00     0.00     0.00     0.00 -1 -1.72e-13      0.00 7.666e-01 2.208e-01 2.224e-03 6.106e-04 5.553e-03 -1.000 1.263e-02 3.793 3.663 3.925 3.242
0.015 0.00898 9.60206 1.1501759291 2.4996945858    1.149  0.391  3.7947  4.238    1  0.000  0.534     0.00     0.00     0.00     0.00     0.00 -1 -1.72e-13      0.00 7.666e-01 2.208e-01 2.224e-03 6.106e-04 5.553e-03 -1.000 1.264e-02 3.792 3.662 3.924 3.241
0.015 0.00898 9.60206 1.1734040976 2.5031390190    1.172  0.439  3.7945  4.198    1  0.000  0.534     0.00     0.00     0.00     0.00     0.00 -1  -1.9e-13      0.00 7.650e-01 2.222e-01 2.245e-03 6.157e-04 5.607e-03 -1.000 1.279e-02 3.672 3.543 3.804 3.121
0.015 0.00898 9.60206 1.1883244514 2.5052700043    1.187  0.466  3.7936  4.173    1  0.000  0.533     0.00     0.00     0.00     0.00     0.00 -1 -2.02e-13      0.00 7.644e-01 2.227e-01 2.256e-03 6.175e-04 5.638e-03 -1.000 1.282e-02 3.604 3.474 3.738 3.051
0.015 0.00898 9.60206 1.1929403543 2.5059168339    1.192  0.484  3.7946  4.161    1  0.000  0.533     0.00     0.00     0.00     0.00     0.00 -1  -2.1e-13      0.00 7.643e-01 2.229e-01 2.259e-03 6.180e-04 5.646e-03 -1.000 1.283e-02 3.561 3.431 3.692 3.010
0.015 0.00898 9.60206 1.1964341402 2.5064024925    1.195  0.501  3.7959  4.150    1  0.000  0.533     0.00     0.00     0.00     0.00     0.00 -1 -2.19e-13      0.00 7.644e-01 2.228e-01 2.260e-03 6.179e-04 5.649e-03 -1.000 1.284e-02 3.518 3.387 3.646 2.970
0.015 0.00898 9.60206 1.1986688375 2.5067114830    1.198  0.517  3.7975  4.142    1  0.000  0.533     0.00     0.00     0.00     0.00     0.00 -1 -2.28e-13      0.00 7.645e-01 2.226e-01 2.259e-03 6.177e-04 5.650e-03 -1.000 1.283e-02 3.478 3.348 3.604 2.934
0.015 0.00898 9.60206 1.2000000477 2.5068950653    1.199  0.530  3.7989  4.135    1  0.000  0.533     0.00     0.00     0.00     0.00     0.00 -1 -2.36e-13      0.00 7.647e-01 2.225e-01 2.259e-03 6.174e-04 5.649e-03 -1.000 1.283e-02 3.446 3.316 3.568 2.906
0.015 0.00898 9.60206 1.2039333582 2.5074343681    1.203  0.553  3.8005  4.119    1  0.000  0.533     0.00     0.00     0.00     0.00     0.00 -1 -2.52e-13      0.00 7.645e-01 2.227e-01 2.260e-03 6.177e-04 5.654e-03 -1.000 1.283e-02 3.388 3.258 3.507 2.851
0.015 0.00898 9.60206 1.2302116156 2.5109357834    1.229  0.629  3.7986  4.045    2  0.000  0.533     0.00     0.00     0.00     0.00     0.00 -1 -3.06e-13      0.00 7.629e-01 2.242e-01 2.273e-03 6.205e-04 5.690e-03 -1.000 1.291e-02 3.198 3.066 3.319 2.656
0.015 0.00898 9.60206 1.2472431660 2.5131149292    1.246  0.675  3.7954  3.992    2  0.000  0.532     0.00     0.00     0.00     0.00     0.00 -1 -3.47e-13      0.00 7.619e-01 2.251e-01 2.281e-03 6.222e-04 5.714e-03 -1.000 1.295e-02 3.083 2.951 3.210 2.533
0.015 0.00898 9.60206 1.2500000000 2.5134611130    1.249  0.683  3.7948  3.983    2  0.000  0.532     0.00     0.00     0.00     0.00     0.00 -1 -3.54e-13      0.00 7.618e-01 2.253e-01 2.283e-03 6.225e-04 5.718e-03 -1.000 1.296e-02 3.064 2.932 3.192 2.513
0.015 0.00898 9.60206 1.2653610706 2.5153591633    1.264  0.719  3.7881  3.925    2  0.000  0.532     0.00     0.00     0.00     0.00     0.00 -1 -3.94e-13      0.00 7.600e-01 2.269e-01 2.296e-03 6.261e-04 5.749e-03 -1.000 1.305e-02 2.973 2.841 3.114 2.406
0.015 0.00898 9.60206 1.2765430212 2.5167076588    1.276  0.738  3.7783  3.871    2  0.000  0.533     0.00     0.00     0.00     0.00     0.00 -1 -4.26e-13      0.00 7.539e-01 2.328e-01 2.340e-03 6.378e-04 5.854e-03 -1.000 1.330e-02 2.925 2.795 3.088 2.338
0.015 0.00898 9.60206 1.2860643864 2.5178346634    1.285  0.726  3.7614  3.819    2  0.000  0.534     0.00     0.00     0.00     0.00     0.00 -1 -4.29e-13      0.00 7.395e-01 2.467e-01 2.444e-03 6.657e-04 6.103e-03 -1.000 1.384e-02 2.956 2.837 3.166 2.339
0.015 0.00898 9.60206 1.2923614979 2.5185694695    1.291  0.691  3.7424  3.779    2  0.000  0.535     0.00     0.00     0.00     0.00     0.00 -1 -4.09e-13      0.00 7.265e-01 2.591e-01 2.543e-03 6.919e-04 6.338e-03 -1.000 1.439e-02 3.041 2.942 3.313 2.402
0.015 0.00898 9.60206 1.2953220606 2.5189120770    1.294  0.672  3.7313  3.756    2  0.000  0.535     0.00     0.00     0.00     0.00     0.00 -1 -3.98e-13      0.00 7.216e-01 2.638e-01 2.580e-03 7.018e-04 6.427e-03 -1.000 1.460e-02 3.091 3.009 3.403 2.444
0.015 0.00898 9.60206 1.2970451117 2.5191109180    1.296  0.660  3.7246  3.741    2  0.000  0.535     0.00     0.00     0.00     0.00     0.00 -1 -3.93e-13      0.00 7.192e-01 2.661e-01 2.598e-03 7.067e-04 6.469e-03 -1.000 1.469e-02 3.119 3.049 3.458 2.471
0.015 0.00898 9.60206 1.2984490395 2.5192720890    1.298  0.658  3.7198  3.724    2  0.000  0.535     0.00     0.00     0.00     0.00     0.00 -1 -3.96e-13      0.00 7.176e-01 2.677e-01 2.608e-03 7.096e-04 6.495e-03 -1.000 1.475e-02 3.124 3.063 3.482 2.474
0.015 0.00898 9.60206 1.2994741201 2.5193898678    1.299  0.663  3.7171  3.709    2  0.000  0.535     0.00     0.00     0.00     0.00     0.00 -1 -4.06e-13      0.00 7.167e-01 2.685e-01 2.612e-03 7.111e-04 6.506e-03 -1.000 1.477e-02 3.113 3.058 3.484 2.464
0.015 0.00898 9.60206 1.2999999523 2.5194499493    1.299  0.665  3.7157  3.701    2  0.000  0.535     0.00     0.00     0.00     0.00     0.00 -1 -4.11e-13      0.00 7.162e-01 2.690e-01 2.614e-03 7.118e-04 6.512e-03 -1.000 1.478e-02 3.107 3.054 3.483 2.457
0.015 0.00898 9.60206 1.3036755323 2.5198693275    1.303  0.683  3.7070  3.650    2  0.000  0.535     0.00     0.00     0.00     0.00     0.00 -1 -4.47e-13      0.00 7.133e-01 2.718e-01 2.626e-03 7.162e-04 6.549e-03 -1.000 1.486e-02 3.061 3.029 3.478 2.413
0.015 0.00898 9.60206 1.3042387962 2.5199334621    1.303  0.689  3.7061  3.640    2  0.000  0.534     0.00     0.00     0.00     0.00     0.00 -1 -4.57e-13      0.00 7.129e-01 2.722e-01 2.627e-03 7.168e-04 6.554e-03 -1.000 1.487e-02 3.047 3.017 3.468 2.399
0.015 0.00898 9.60206 1.3072044849 2.5202696323    1.306  0.732  3.7028  3.585    3  0.000  0.519     0.00     0.00     0.00     0.00     0.00 -1 -5.32e-13      0.00 7.099e-01 2.752e-01 2.561e-03 7.703e-04 6.570e-03 -1.000 1.492e-02 2.939 2.917 3.375 2.292
0.015 0.00898 9.60206 1.3100563288 2.5205912590    1.309  0.780  3.7003  3.528    3  0.000  0.488     0.00     0.00     0.00     0.00     0.00 -1  -6.3e-13      0.00 7.065e-01 2.786e-01 2.412e-03 9.305e-04 6.583e-03 -1.000 1.494e-02 2.819 2.803 3.267 2.173
0.015 0.00898 9.60206 1.3129705191 2.5209181309    1.312  0.836  3.6981  3.464    3  0.000  0.452     0.00     0.00     0.00     0.00     0.00 -1 -7.62e-13      0.00 7.027e-01 2.823e-01 2.240e-03 1.141e-03 6.594e-03 -1.000 1.502e-02 2.680 2.671 3.140 2.036
0.015 0.00898 9.60206 1.3154300451 2.5211927891    1.315  0.888  3.6963  3.406    3  0.000  0.431     0.00     0.00     0.00     0.00     0.00 -1 -9.12e-13      0.00 6.997e-01 2.852e-01 2.137e-03 1.270e-03 6.601e-03 -1.000 1.504e-02 2.550 2.545 3.019 1.906
0.015 0.00898 9.60206 1.3176901340 2.5214440823    1.317  0.941  3.6945  3.347    3  0.000  0.418     0.00     0.00     0.00     0.00     0.00 -1  -1.1e-12      0.00 6.972e-01 2.877e-01 2.071e-03 1.354e-03 6.606e-03 -1.000 1.508e-02 2.418 2.418 2.897 1.775
0.015 0.00898 9.60206 1.3196816444 2.5216646194    1.319  0.993  3.6927  3.289    3  0.000  0.409     0.00     0.00     0.00     0.00     0.00 -1 -1.31e-12      0.00 6.954e-01 2.894e-01 2.031e-03 1.405e-03 6.609e-03 -1.000 1.512e-02 2.289 2.294 2.777 1.647
0.015 0.00898 9.60206 1.3215496540 2.5218710899    1.321  1.046  3.6908  3.228    3  0.000  0.404     0.00     0.00     0.00     0.00     0.00 -1 -1.58e-12      0.00 6.942e-01 2.907e-01 2.006e-03 1.436e-03 6.612e-03 -1.000 1.514e-02 2.155 2.166 2.653 1.514
0.015 0.00898 9.60206 1.3231055737 2.5220422745    1.322  1.095  3.6890  3.172    3  0.000  0.401     0.00     0.00     0.00     0.00     0.00 -1 -1.88e-12      0.00 6.935e-01 2.914e-01 1.991e-03 1.455e-03 6.613e-03 -1.000 1.510e-02 2.032 2.048 2.541 1.393
0.015 0.00898 9.60206 1.3245444298 2.5222003460    1.324  1.145  3.6870  3.115    3  0.000  0.399     0.00     0.00     0.00     0.00     0.00 -1 -2.24e-12      0.00 6.930e-01 2.919e-01 1.982e-03 1.466e-03 6.614e-03 -1.000 1.508e-02 1.907 1.930 2.428 1.270
0.015 0.00898 9.60206 1.3258028030 2.5223381519    1.325  1.193  3.6850  3.059    3  0.000  0.398     0.00     0.00     0.00     0.00     0.00 -1 -2.66e-12      0.00 6.928e-01 2.921e-01 1.976e-03 1.473e-03 6.615e-03 -1.000 1.511e-02 1.788 1.817 2.320 1.152
0.015 0.00898 9.60206 1.3269171715 2.5224599838    1.326  1.239  3.6829  3.005    3  0.000  0.398     0.00     0.00     0.00     0.00     0.00 -1 -3.14e-12      0.00 6.927e-01 2.922e-01 1.973e-03 1.477e-03 6.615e-03 -1.000 1.510e-02 1.672 1.707 2.216 1.037
0.015 0.00898 9.60206 1.3279037476 2.5225675106    1.327  1.284  3.6809  2.952    3  0.000  0.397     0.00     0.00     0.00     0.00     0.00 -1 -3.69e-12      0.00 6.926e-01 2.923e-01 1.971e-03 1.479e-03 6.616e-03 -1.000 1.507e-02 1.559 1.600 2.115 0.926
0.015 0.00898 9.60206 1.3287789822 2.5226628780    1.328  1.328  3.6788  2.900    3  0.000  0.397     0.00     0.00     0.00     0.00     0.00 -1 -4.32e-12      0.00 6.926e-01 2.923e-01 1.970e-03 1.481e-03 6.616e-03 -1.000 1.507e-02 1.450 1.498 2.018 0.820
0.015 0.00898 9.60206 1.3295842409 2.5227506161    1.329  1.372  3.6767  2.848    3  0.000  0.397     0.00     0.00     0.00     0.00     0.00 -1 -5.07e-12      0.00 6.926e-01 2.923e-01 1.969e-03 1.481e-03 6.616e-03 -1.000 1.507e-02 1.340 1.396 1.922 0.713
0.015 0.00898 9.60206 1.3303241730 2.5228309631    1.329  1.415  3.6745  2.796    3  0.000  0.397     0.00     0.00     0.00     0.00     0.00 -1 -5.93e-12      0.00 6.926e-01 2.923e-01 1.968e-03 1.482e-03 6.617e-03 -1.000 1.507e-02 1.232 1.295 1.827 0.607
0.015 0.00898 9.60206 1.3309781551 2.5229020119    1.330  1.456  3.6724  2.747    3  0.000  0.396     0.00     0.00     0.00     0.00     0.00 -1 -6.88e-12      0.00 6.926e-01 2.923e-01 1.968e-03 1.483e-03 6.617e-03 -1.000 1.507e-02 1.129 1.200 1.737 0.507
0.015 0.00898 9.60206 1.3315949440 2.5229687691    1.330  1.497  3.6703  2.698    3  0.000  0.396     0.00     0.00     0.00     0.00     0.00 -1 -7.99e-12      0.00 6.926e-01 2.923e-01 1.967e-03 1.484e-03 6.617e-03 -1.000 1.507e-02 1.027 1.105 1.649 0.408
0.015 0.00898 9.60206 1.3321704865 2.5230309963    1.331  1.533  3.6683  2.654    3  0.000  0.396     0.00     0.00     0.00     0.00     0.00 -1 -9.11e-12      0.00 6.926e-01 2.923e-01 1.967e-03 1.484e-03 6.617e-03 -1.000 1.507e-02 0.937 1.023 1.571 0.320
0.015 0.00898 9.60206 1.3327658176 2.5230953693    1.331  1.568  3.6664  2.612    3  0.000  0.396     0.00     0.00     0.00     0.00     0.00 -1 -1.04e-11      0.00 6.927e-01 2.923e-01 1.966e-03 1.485e-03 6.617e-03 -1.000 1.507e-02 0.850 0.942 1.497 0.236
0.015 0.00898 9.60206 1.3332811594 2.5231511593    1.332  1.589  3.6653  2.587    3  0.000  0.396     0.00     0.00     0.00     0.00     0.00 -1 -1.13e-11      0.00 6.927e-01 2.923e-01 1.966e-03 1.485e-03 6.618e-03 -1.000 1.507e-02 0.797 0.894 1.451 0.185
0.015 0.00898 9.60206 1.3336248398 2.5231883526    1.332  1.572  3.6665  2.608    3  0.000  0.396     0.00     0.00     0.00     0.00     0.00 -1 -1.06e-11      0.00 6.927e-01 2.923e-01 1.965e-03 1.486e-03 6.618e-03 -1.000 1.507e-02 0.839 0.932 1.485 0.225
0.015 0.00898 9.60206 1.3341017962 2.5232398510    1.333  1.537  3.6688  2.653    3  0.000  0.396     0.00     0.00     0.00     0.00     0.00 -1 -9.34e-12      0.00 6.927e-01 2.923e-01 1.965e-03 1.486e-03 6.618e-03 -1.000 1.507e-02 0.927 1.010 1.558 0.310
0.015 0.00898 9.60206 1.3341317177 2.5232429504    1.333  1.535  3.6690  2.656    3  0.000  0.396     0.00     0.00     0.00     0.00     0.00 -1 -9.23e-12      0.00 6.927e-01 2.923e-01 1.965e-03 1.486e-03 6.618e-03 -1.000 1.507e-02 0.933 1.016 1.562 0.315
0.015 0.00898 9.60206 1.3342088461 2.5232512951    1.333  1.541  3.6687  2.649    3  0.000  0.396     0.00     0.00     0.00     0.00     0.00 -1 -9.39e-12      0.00 6.927e-01 2.923e-01 1.965e-03 1.486e-03 6.618e-03 -1.000 1.507e-02 0.918 1.002 1.550 0.301
0.015 0.00898 9.60206 1.3347285986 2.5233073235    1.333  1.586  3.6661  2.594    3  0.000  0.396     0.00     0.00     0.00     0.00     0.00 -1  -1.1e-11      0.00 6.927e-01 2.923e-01 1.964e-03 1.487e-03 6.618e-03 -1.000 1.507e-02 0.806 0.899 1.454 0.192
0.015 0.00898 9.60206 1.3352608681 2.5233647823    1.334  1.632  3.6634  2.537    3  0.000  0.395     0.00     0.00     0.00     0.00     0.00 -1  -1.3e-11      0.00 6.927e-01 2.923e-01 1.964e-03 1.488e-03 6.618e-03 -1.000 1.507e-02 0.690 0.794 1.356 0.080
0.015 0.00898 9.60206 1.3357445002 2.5234167576    1.334  1.677  3.6608  2.481    3  0.000  0.395     0.00     0.00     0.00     0.00     0.00 -1 -1.53e-11      0.00 6.927e-01 2.923e-01 1.963e-03 1.488e-03 6.618e-03 -1.000 1.507e-02 0.578 0.692 1.262 -0.028
0.015 0.00898 9.60206 1.3361916542 2.5234646797    1.335  1.722  3.6581  2.426    3  0.000  0.395     0.00     0.00     0.00     0.00     0.00 -1 -1.81e-11      0.00 6.927e-01 2.923e-01 1.963e-03 1.489e-03 6.619e-03 -1.000 1.507e-02 0.466 0.591 1.170 -0.136
0.015 0.00898 9.60206 1.3366065025 2.5235092640    1.335  1.766  3.6554  2.371    3  0.000  0.395     0.00     0.00     0.00     0.00     0.00 -1 -2.14e-11      0.00 6.927e-01 2.923e-01 1.962e-03 1.489e-03 6.619e-03 -1.000 1.507e-02 0.354 0.490 1.079 -0.244
0.015 0.00898 9.60206 1.3369828463 2.5235497952    1.335  1.810  3.6526  2.316    3  0.000  0.395     0.00     0.00     0.00     0.00     0.00 -1 -2.52e-11      0.00 6.927e-01 2.923e-01 1.962e-03 1.489e-03 6.619e-03 -1.000 1.507e-02 0.244 0.392 0.991 -0.349
0.015 0.00898 9.60206 1.3373305798 2.5235869884    1.335  1.854  3.6498  2.261    3  0.000  0.395     0.00     0.00     0.00     0.00     0.00 -1 -2.96e-11      0.00 6.927e-01 2.923e-01 1.962e-03 1.490e-03 6.619e-03 -1.000 1.507e-02 0.134 0.293 0.902 -0.455
0.015 0.00898 9.60206 1.3376584053 2.5236222744    1.336  1.899  3.6470  2.205    3  0.000  0.395     0.00     0.00     0.00     0.00     0.00 -1  -3.5e-11      0.00 6.927e-01 2.923e-01 1.961e-03 1.490e-03 6.619e-03 -1.000 1.507e-02 0.023 0.195 0.815 -0.561
0.015 0.00898 9.60206 1.3379520178 2.5236537457    1.336  1.942  3.6442  2.150    3  0.000  0.395     0.00     0.00     0.00     0.00     0.00 -1 -4.12e-11      0.00 6.927e-01 2.923e-01 1.961e-03 1.490e-03 6.619e-03 -1.000 1.507e-02 -0.085 0.100 0.730 -0.664
0.015 0.00898 9.60206 1.3382208347 2.5236825943    1.336  1.985  3.6413  2.096    3  0.000  0.395     0.00     0.00     0.00     0.00     0.00 -1 -4.84e-11      0.00 6.927e-01 2.923e-01 1.961e-03 1.491e-03 6.619e-03 -1.000 1.507e-02 -0.193 0.005 0.646 -0.766
0.015 0.00898 9.60206 1.3384673595 2.5237088203    1.336  2.028  3.6384  2.042    3  0.000  0.395     0.00     0.00     0.00     0.00     0.00 -1 -5.68e-11      0.00 6.927e-01 2.923e-01 1.961e-03 1.491e-03 6.619e-03 -1.000 1.507e-02 -0.300 -0.087 0.565 -0.867
0.015 0.00898 9.60206 1.3386980295 2.5237336159    1.336  2.071  3.6355  1.986    3  0.000  0.395     0.00     0.00     0.00     0.00     0.00 -1 -6.69e-11      0.00 6.927e-01 2.923e-01 1.960e-03 1.491e-03 6.619e-03 -1.000 1.507e-02 -0.408 -0.181 0.484 -0.968
0.015 0.00898 9.60206 1.3389042616 2.5237555504    1.336  2.113  3.6326  1.933    3  0.000  0.395     0.00     0.00     0.00     0.00     0.00 -1 -7.84e-11      0.00 6.927e-01 2.923e-01 1.960e-03 1.491e-03 6.619e-03 -1.000 1.507e-02 -0.513 -0.270 0.404 -1.064
0.015 0.00898 9.60206 1.3391005993 2.5237767696    1.336  2.157  3.6296  1.877    3  0.000  0.395     0.00     0.00     0.00     0.00     0.00 -1 -9.23e-11      0.00 6.927e-01 2.923e-01 1.960e-03 1.492e-03 6.620e-03 -1.000 1.507e-02 -0.622 -0.363 0.322 -1.164
0.015 0.00898 9.60206 1.3392764330 2.5237953663    1.336  2.198  3.6266  1.824    3  0.000  0.395     0.00     0.00     0.00     0.00     0.00 -1 -1.08e-10      0.00 6.927e-01 2.923e-01 1.960e-03 1.492e-03 6.620e-03 -1.000 1.507e-02 -0.726 -0.450 0.245 -1.258
0.015 0.00898 9.60206 1.3394404650 2.5238130093    1.336  2.240  3.6236  1.770    3  0.000  0.395     0.00     0.00     0.00     0.00     0.00 -1 -1.27e-10      0.00 6.927e-01 2.923e-01 1.960e-03 1.492e-03 6.620e-03 -1.000 1.507e-02 -0.831 -0.538 0.167 -1.354
0.015 0.00898 9.60206 1.3395919800 2.5238292217    1.336  2.282  3.6205  1.716    3  0.000  0.395     0.00     0.00     0.00     0.00     0.00 -1 -1.49e-10      0.00 6.927e-01 2.923e-01 1.959e-03 1.492e-03 6.620e-03 -1.000 1.507e-02 -0.936 -0.626 0.089 -1.448
0.015 0.00898 9.60206 1.3397319317 2.5238442421    1.336  2.324  3.6175  1.662    3  0.000  0.394     0.00     0.00     0.00     0.00     0.00 -1 -1.74e-10      0.00 6.927e-01 2.923e-01 1.959e-03 1.492e-03 6.620e-03 -1.000 1.507e-02 -1.040 -0.712 0.014 -1.541
0.015 0.00898 9.60206 1.3398613930 2.5238580704    1.336  2.366  3.6144  1.608    3  0.000  0.394     0.00     0.00     0.00     0.00     0.00 -1 -2.04e-10      0.00 6.927e-01 2.923e-01 1.959e-03 1.492e-03 6.620e-03 -1.000 1.507e-02 -1.144 -0.797 -0.062 -1.633
0.015 0.00898 9.60206 1.3399802446 2.5238707066    1.336  2.407  3.6113  1.554    3  0.000  0.394     0.00     0.00     0.00     0.00     0.00 -1 -2.39e-10      0.00 6.927e-01 2.923e-01 1.959e-03 1.493e-03 6.620e-03 -1.000 1.507e-02 -1.247 -0.881 -0.136 -1.724
0.015 0.00898 9.60206 1.3400897980 2.5238823891    1.336  2.448  3.6082  1.501    3  0.000  0.394     0.00     0.00     0.00     0.00     0.00 -1 -2.79e-10      0.00 6.927e-01 2.923e-01 1.959e-03 1.493e-03 6.620e-03 -1.000 1.507e-02 -1.349 -0.963 -0.207 -1.813
0.015 0.00898 9.60206 1.3401930332 2.5238933563    1.335  2.489  3.6050  1.447    3  0.000  0.394     0.00     0.00     0.00     0.00     0.00 -1 -3.27e-10      0.00 6.927e-01 2.923e-01 1.959e-03 1.493e-03 6.620e-03 -1.000 1.507e-02 -1.453 -1.044 -0.273 -1.905
0.015 0.00898 9.60206 1.3402854204 2.5239031315    1.335  2.529  3.6019  1.394    3  0.000  0.394    10.08     7.38     5.23     3.98     3.24  4 -3.81e-10      0.00 6.927e-01 2.923e-01 1.959e-03 1.493e-03 6.620e-03 -1.000 1.507e-02 -1.552 -1.122 -0.335 -1.992
0.015 0.00898 9.60206 1.3403707743 2.5239124298    1.335  2.569  3.5987  1.342    3  0.000  0.394    11.22     8.11     5.72     4.37     3.55  4 -4.43e-10      0.00 6.927e-01 2.923e-01 1.959e-03 1.493e-03 6.620e-03 -1.000 1.507e-02 -1.651 -1.197 -0.392 -2.078
0.015 0.00898 9.60206 1.3404525518 2.5239210129    1.335  2.609  3.5954  1.288    3  0.000  0.394    12.52     8.94     6.28     4.80     3.90  4 -5.18e-10      0.00 6.927e-01 2.923e-01 1.959e-03 1.493e-03 6.620e-03 -1.000 1.507e-02 -1.753 -1.272 -0.449 -2.166
0.015 0.00898 9.60206 1.3405253887 2.5239288807    1.334  2.648  3.5922  1.236    3  0.000  0.394    13.91     9.81     6.87     5.25     4.27  4 -6.02e-10      0.00 6.927e-01 2.923e-01 1.959e-03 1.493e-03 6.620e-03 -1.000 1.507e-02 -1.850 -1.343 -0.500 -2.248
0.015 0.00898 9.60206 1.3405946493 2.5239362717    1.334  2.687  3.5888  1.183    3  0.000  0.394    15.50    10.79     7.52     5.76     4.69  4 -7.02e-10      0.00 6.927e-01 2.923e-01 1.958e-03 1.493e-03 6.620e-03 -1.000 1.507e-02 -1.948 -1.413 -0.549 -2.330
0.015 0.00898 9.60206 1.3406602144 2.5239431858    1.333  2.727  3.5855  1.130    3  0.000  0.394    17.27    11.88     8.24     6.32     5.14  4 -8.18e-10      0.00 6.927e-01 2.923e-01 1.958e-03 1.493e-03 6.620e-03 -1.000 1.507e-02 -2.047 -1.481 -0.593 -2.412
0.015 0.00898 9.60206 1.3407187462 2.5239493847    1.333  2.764  3.5822  1.079    3  0.000  0.394    19.17    13.02     9.00     6.91     5.62  3 -9.47e-10      0.00 6.927e-01 2.923e-01 1.958e-03 1.493e-03 6.620e-03 -1.000 1.507e-02 -2.141 -1.544 -0.633 -2.489
0.015 0.00898 9.60206 1.3407744169 2.5239553452    1.332  2.802  3.5788  1.028    3  0.000  0.394    21.30    14.29     9.84     7.57     6.16  3  -1.1e-09      0.00 6.927e-01 2.923e-01 1.958e-03 1.493e-03 6.620e-03 -1.000 1.507e-02 -2.235 -1.605 -0.666 -2.565
0.015 0.00898 9.60206 1.3408269882 2.5239610672    1.332  2.840  3.5754  0.976    3  0.000  0.394    23.69    15.70    10.76     8.29     6.75  3 -1.28e-09      0.00 6.927e-01 2.923e-01 1.958e-03 1.493e-03 6.620e-03 -1.000 1.507e-02 -2.331 -1.662 -0.689 -2.638
0.015 0.00898 9.60206 1.3408870697 2.5239675045    1.331  2.887  3.5711  0.911    3  0.000  0.394    27.02    17.64    12.02     9.28     7.55  3 -1.53e-09      0.00 6.927e-01 2.923e-01 1.958e-03 1.494e-03 6.620e-03 -1.000 1.507e-02 -2.448 -1.729 -0.713 -2.727
0.015 0.00898 9.60206 1.3409414291 2.5239732265    1.330  2.932  3.5667  0.848    3  0.000  0.394    30.73    19.76    13.40    10.36     8.44  3 -1.83e-09      0.00 6.927e-01 2.923e-01 1.958e-03 1.494e-03 6.620e-03 -1.000 1.507e-02 -2.561 -1.785 -0.714 -2.807
0.015 0.00898 9.60206 1.3409918547 2.5239787102    1.329  2.977  3.5623  0.786    3  0.000  0.394    34.93    22.13    14.93    11.56     9.42  3 -2.19e-09      0.00 6.927e-01 2.923e-01 1.958e-03 1.494e-03 6.620e-03 -1.000 1.507e-02 -2.672 -1.836 -0.707 -2.885
0.015 0.00898 9.60206 1.3410384655 2.5239834785    1.328  3.021  3.5578  0.724    3  0.000  0.394    39.66    24.75    16.62    12.89    10.50  3 -2.61e-09      0.00 6.927e-01 2.923e-01 1.958e-03 1.494e-03 6.620e-03 -1.000 1.507e-02 -2.782 -1.881 -0.684 -2.956
0.015 0.00898 9.60206 1.3410817385 2.5239882469    1.327  3.065  3.5533  0.662    3  0.000  0.394    45.02    27.68    18.49    14.36    11.71  2 -3.11e-09      0.00 6.927e-01 2.923e-01 1.958e-03 1.494e-03 6.620e-03 -1.000 1.507e-02 -2.891 -1.918 -0.643 -3.023
0.015 0.00898 9.60206 1.3411217928 2.5239925385    1.326  3.108  3.5488  0.600    3  0.000  0.394    51.05    30.93    20.56    16.00    13.04  2  -3.7e-09      0.00 6.927e-01 2.923e-01 1.958e-03 1.494e-03 6.620e-03 -1.000 1.507e-02 -2.999 -1.950 -0.592 -3.084
0.015 0.00898 9.60206 1.3411594629 2.5239963531    1.324  3.151  3.5442  0.538    3  0.000  0.394    57.94    34.59    22.87    17.83    14.54  2 -4.41e-09      0.00 6.927e-01 2.922e-01 1.958e-03 1.494e-03 6.620e-03 -1.000 1.507e-02 -3.106 -1.971 -0.516 -3.136
0.015 0.00898 9.60206 1.3411941528 2.5240001678    1.323  3.193  3.5395  0.477    3  0.000  0.394    65.64    38.62    25.41    19.84    16.19  2 -5.24e-09      0.00 6.927e-01 2.922e-01 1.958e-03 1.494e-03 6.620e-03 -1.000 1.507e-02 -3.211 -1.988 -0.430 -3.184
0.015 0.00898 9.60206 1.3412270546 2.5240037441    1.321  3.234  3.5348  0.415    3  0.000  0.394    74.40    43.14    28.24    22.08    18.02  2 -6.23e-09      0.00 6.927e-01 2.922e-01 1.958e-03 1.494e-03 6.620e-03 -1.000 1.507e-02 -3.316 -1.989 -0.311 -3.218
0.015 0.00898 9.60206 1.3412574530 2.5240068436    1.319  3.275  3.5300  0.355    3  0.000  0.394    84.21    48.12    31.34    24.55    20.04  2 -7.38e-09      0.00 6.927e-01 2.922e-01 1.958e-03 1.494e-03 6.620e-03 -1.000 1.507e-02 -3.419 -1.988 -0.188 -3.249
0.015 0.00898 9.60206 1.3412860632 2.5240099430    1.316  3.316  3.5252  0.294    3  0.000  0.394    95.29    53.66    34.78    27.29    22.28  2 -8.75e-09      0.00 6.927e-01 2.922e-01 1.958e-03 1.494e-03 6.620e-03 -1.000 1.507e-02 -3.520 -1.965 -0.029 -3.256
0.015 0.00898 9.60206 1.3413124084 2.5240128040    1.314  3.355  3.5204  0.235    3  0.000  0.394   107.46    59.66    38.49    30.25    24.70  2 -1.03e-08      0.00 6.927e-01 2.922e-01 1.958e-03 1.494e-03 6.620e-03 -1.000 1.507e-02 -3.617 -1.934 0.140 -3.257
0.015 0.00898 9.60206 1.3413379192 2.5240154266    1.311  3.392  3.5158  0.179    3  0.000  0.394   120.62    66.06    42.41    33.39    27.28  2 -1.21e-08      0.00 6.927e-01 2.922e-01 1.958e-03 1.494e-03 6.620e-03 -1.000 1.507e-02 -3.710 -1.878 0.346 -3.229
0.015 0.00898 9.60206 1.3413451910 2.5240161419    1.310  3.402  3.5146  0.164    3  0.000  0.394   124.35    67.85    43.51    34.27    28.00  2 -1.27e-08      0.00 6.927e-01 2.922e-01 1.958e-03 1.494e-03 6.620e-03 -1.000 1.507e-02 -3.734 -1.863 0.401 -3.220
0.015 0.00898 9.60206 1.3413451910 2.5240161419    1.310  1.731  3.6734  2.470    4  0.000  0.399     0.00     0.00     0.00     0.00     0.00 -1    -1e-30      0.00 6.886e-01 2.962e-01 1.985e-03 1.496e-03 6.630e-03 -1.000 1.517e-02 0.442 0.509 1.042 -0.181
0.015 0.00898 9.60206 1.3416582346 2.5240495205    1.310  1.743  3.6725  2.454    4  0.000  0.399     0.00     0.00     0.00     0.00     0.00 -1    -1e-30      0.00 6.886e-01 2.962e-01 1.985e-03 1.497e-03 6.630e-03 -1.000 1.517e-02 0.412 0.481 1.017 -0.210
0.015 0.00898 9.60206 1.3419830799 2.5240840912    1.311  1.748  3.6722  2.448    4  0.000  0.399     0.00     0.00     0.00     0.00     0.00 -1    -1e-30      0.00 6.886e-01 2.962e-01 1.985e-03 1.497e-03 6.630e-03 -1.000 1.517e-02 0.399 0.470 1.006 -0.223
0.015 0.00898 9.60206 1.3423097134 2.5241189003    1.311  1.748  3.6724  2.449    4  0.000  0.399     0.00     0.00     0.00     0.00     0.00 -1    -1e-30      0.00 6.886e-01 2.962e-01 1.984e-03 1.498e-03 6.630e-03 -1.000 1.517e-02 0.399 0.469 1.005 -0.223
0.015 0.00898 9.60206 1.3426375389 2.5241537094    1.312  1.747  3.6727  2.452    4  0.000  0.399     0.00     0.00     0.00     0.00     0.00 -1    -1e-30      0.00 6.886e-01 2.962e-01 1.984e-03 1.498e-03 6.630e-03 -1.000 1.517e-02 0.402 0.471 1.006 -0.220
0.015 0.00898 9.60206 1.3429731131 2.5241894722    1.312  1.745  3.6731  2.455    4  0.000  0.399     0.00     0.00     0.00     0.00     0.00 -1    -1e-30      0.00 6.886e-01 2.962e-01 1.984e-03 1.499e-03 6.630e-03 -1.000 1.517e-02 0.406 0.474 1.008 -0.216
0.015 0.00898 9.60206 1.3432979584 2.5242240429    1.312  1.744  3.6735  2.458    4  0.000  0.399     0.00     0.00     0.00     0.00     0.00 -1    -1e-30      0.00 6.886e-01 2.962e-01 1.983e-03 1.499e-03 6.630e-03 -1.000 1.518e-02 0.410 0.477 1.010 -0.213
0.015 0.00898 9.60206 1.3436274529 2.5242588520    1.313  1.742  3.6738  2.461    4  0.000  0.399     0.00     0.00     0.00     0.00     0.00 -1    -1e-30      0.00 6.886e-01 2.962e-01 1.983e-03 1.499e-03 6.630e-03 -1.000 1.518e-02 0.414 0.479 1.011 -0.209
0.015 0.00898 9.60206 1.3439555168 2.5242936611    1.313  1.741  3.6741  2.464    4  0.000  0.399     0.00     0.00     0.00     0.00     0.00 -1    -1e-30      0.00 6.886e-01 2.962e-01 1.983e-03 1.500e-03 6.630e-03 -1.000 1.518e-02 0.417 0.481 1.012 -0.206
0.015 0.00898 9.60206 1.3442673683 2.5243268013    1.313  1.740  3.6744  2.466    4  0.000  0.399     0.00     0.00     0.00     0.00     0.00 -1    -1e-30      0.00 6.886e-01 2.962e-01 1.982e-03 1.500e-03 6.630e-03 -1.000 1.518e-02 0.420 0.483 1.013 -0.204
0.015 0.00898 9.60206 1.3445733786 2.5243592262    1.314  1.739  3.6747  2.468    4  0.000  0.398     0.00     0.00     0.00     0.00     0.00 -1    -1e-30      0.00 6.886e-01 2.962e-01 1.982e-03 1.501e-03 6.630e-03 -1.000 1.518e-02 0.422 0.484 1.014 -0.202
0.015 0.00898 9.60206 1.3448994160 2.5243937969    1.314  1.739  3.6750  2.470    4  0.000  0.398     0.00     0.00     0.00     0.00     0.00 -1    -1e-30      0.00 6.886e-01 2.962e-01 1.981e-03 1.501e-03 6.630e-03 -1.000 1.518e-02 0.424 0.485 1.014 -0.201
0.015 0.00898 9.60206 1.3452097178 2.5244266987    1.314  1.738  3.6752  2.471    4  0.000  0.398     0.00     0.00     0.00     0.00     0.00 -1    -1e-30      0.00 6.886e-01 2.962e-01 1.981e-03 1.502e-03 6.630e-03 -1.000 1.518e-02 0.425 0.485 1.013 -0.200
0.015 0.00898 9.60206 1.3455206156 2.5244596004    1.315  1.738  3.6754  2.473    4  0.000  0.398     0.00     0.00     0.00     0.00     0.00 -1    -1e-30      0.00 6.886e-01 2.962e-01 1.981e-03 1.502e-03 6.630e-03 -1.000 1.518e-02 0.426 0.486 1.013 -0.199
0.015 0.00898 9.60206 1.3458623886 2.5244956017    1.315  1.738  3.6756  2.474    4  0.000  0.398     0.00     0.00     0.00     0.00     0.00 -1    -1e-30      0.00 6.886e-01 2.962e-01 1.980e-03 1.502e-03 6.630e-03 -1.000 1.518e-02 0.426 0.485 1.012 -0.199
0.015 0.00898 9.60206 1.3459004164 2.5244996548    1.315  1.738  3.6756  2.474    4  0.000  0.398     0.00     0.00     0.00     0.00     0.00 -1    -1e-30      0.00 6.886e-01 2.962e-01 1.980e-03 1.502e-03 6.630e-03 -1.000 1.518e-02 0.426 0.485 1.012 -0.199
0.015 0.00898 9.60206 1.3459366560 2.5245034695    1.315  1.737  3.6756  2.474    4  0.000  0.398     0.00     0.00     0.00     0.00     0.00 -1    -1e-30      0.00 6.886e-01 2.962e-01 1.980e-03 1.503e-03 6.630e-03 -1.000 1.518e-02 0.426 0.485 1.012 -0.199
0.015 0.00898 9.60206 1.3462682962 2.5245385170    1.316  1.737  3.6758  2.475    4  0.000  0.398     0.00     0.00     0.00     0.00     0.00 -1    -1e-30      0.00 6.886e-01 2.962e-01 1.980e-03 1.503e-03 6.630e-03 -1.000 1.518e-02 0.426 0.485 1.011 -0.199
0.015 0.00898 9.60206 1.3466011286 2.5245735645    1.316  1.738  3.6760  2.476    4  0.000  0.398     0.00     0.00     0.00     0.00     0.00 -1    -1e-30      0.00 6.886e-01 2.962e-01 1.980e-03 1.503e-03 6.630e-03 -1.000 1.518e-02 0.426 0.484 1.009 -0.199
0.015 0.00898 9.60206 1.3469300270 2.5246083736    1.316  1.738  3.6761  2.476    4  0.000  0.398     0.00     0.00     0.00     0.00     0.00 -1    -1e-30      0.00 6.886e-01 2.962e-01 1.979e-03 1.504e-03 6.630e-03 -1.000 1.518e-02 0.425 0.483 1.008 -0.200
0.015 0.00898 9.60206 1.3472735882 2.5246446133    1.317  1.739  3.6762  2.476    4  0.000  0.398     0.00     0.00     0.00     0.00     0.00 -1    -1e-30      0.00 6.886e-01 2.962e-01 1.979e-03 1.504e-03 6.630e-03 -1.000 1.518e-02 0.424 0.481 1.006 -0.202
0.015 0.00898 9.60206 1.3476148844 2.5246806145    1.317  1.739  3.6763  2.475    4  0.000  0.398     0.00     0.00     0.00     0.00     0.00 -1    -1e-30      0.00 6.886e-01 2.962e-01 1.978e-03 1.505e-03 6.630e-03 -1.000 1.518e-02 0.421 0.478 1.003 -0.204
0.015 0.00898 9.60206 1.3479616642 2.5247170925    1.318  1.741  3.6763  2.474    4  0.000  0.398     0.00     0.00     0.00     0.00     0.00 -1    -1e-30      0.00 6.886e-01 2.962e-01 1.978e-03 1.505e-03 6.630e-03 -1.000 1.518e-02 0.418 0.475 1.000 -0.207
0.015 0.00898 9.60206 1.3482623100 2.5247488022    1.318  1.742  3.6763  2.473    4  0.000  0.398     0.00     0.00     0.00     0.00     0.00 -1    -1e-30      0.00 6.886e-01 2.962e-01 1.978e-03 1.506e-03 6.630e-03 -1.000 1.518e-02 0.415 0.472 0.996 -0.211
0.015 0.00898 9.60206 1.3483009338 2.5247528553    1.318  1.742  3.6763  2.473    4  0.000  0.398     0.00     0.00     0.00     0.00     0.00 -1    -1e-30      0.00 6.886e-01 2.962e-01 1.978e-03 1.506e-03 6.630e-03 -1.000 1.518e-02 0.414 0.471 0.996 -0.211
0.015 0.00898 9.60206 1.3486113548 2.5247855186    1.318  1.744  3.6762  2.471    4  0.000  0.398     0.00     0.00     0.00     0.00     0.00 -1    -1e-30      0.00 6.886e-01 2.962e-01 1.977e-03 1.506e-03 6.630e-03 -1.000 1.518e-02 0.410 0.467 0.992 -0.216
0.015 0.00898 9.60206 1.3489278555 2.5248188972    1.319  1.746  3.6761  2.468    4  0.000  0.397     0.00     0.00     0.00     0.00     0.00 -1    -1e-30      0.00 6.886e-01 2.962e-01 1.977e-03 1.506e-03 6.630e-03 -1.000 1.518e-02 0.404 0.462 0.987 -0.221
0.015 0.00898 9.60206 1.3492506742 2.5248527527    1.319  1.749  3.6759  2.465    4  0.000  0.397     0.00     0.00     0.00     0.00     0.00 -1    -1e-30      0.00 6.886e-01 2.962e-01 1.977e-03 1.507e-03 6.630e-03 -1.000 1.518e-02 0.397 0.455 0.981 -0.228
0.015 0.00898 9.60206 1.3495630026 2.5248856544    1.319  1.752  3.6757  2.461    4  0.000  0.397     0.00     0.00     0.00     0.00     0.00 -1    -1e-30      0.00 6.886e-01 2.962e-01 1.976e-03 1.507e-03 6.630e-03 -1.000 1.518e-02 0.389 0.448 0.974 -0.236
0.015 0.00898 9.60206 1.3498833179 2.5249192715    1.320  1.757  3.6754  2.455    4  0.000  0.397     0.00     0.00     0.00     0.00     0.00 -1    -1e-30      0.00 6.886e-01 2.962e-01 1.976e-03 1.508e-03 6.630e-03 -1.000 1.518e-02 0.378 0.438 0.966 -0.247
0.015 0.00898 9.60206 1.3501966000 2.5249521732    1.320  1.761  3.6750  2.449    4  0.000  0.397     0.00     0.00     0.00     0.00     0.00 -1    -1e-30      0.00 6.886e-01 2.962e-01 1.976e-03 1.508e-03 6.630e-03 -1.000 1.518e-02 0.366 0.427 0.956 -0.258
0.015 0.00898 9.60206 1.3505049944 2.5249843597    1.320  1.767  3.6745  2.442    4  0.000  0.397     0.00     0.00     0.00     0.00     0.00 -1    -1e-30      0.00 6.886e-01 2.962e-01 1.975e-03 1.509e-03 6.630e-03 -1.000 1.518e-02 0.353 0.415 0.946 -0.271
0.015 0.00898 9.60206 1.3508197069 2.5250174999    1.321  1.774  3.6739  2.432    4  0.000  0.397     0.00     0.00     0.00     0.00     0.00 -1    -1e-30      0.00 6.886e-01 2.962e-01 1.975e-03 1.509e-03 6.630e-03 -1.000 1.518e-02 0.335 0.400 0.932 -0.289
0.015 0.00898 9.60206 1.3511391878 2.5250508785    1.321  1.784  3.6731  2.419    4  0.000  0.397     0.00     0.00     0.00     0.00     0.00 -1    -1e-30      0.00 6.886e-01 2.962e-01 1.975e-03 1.509e-03 6.630e-03 -1.000 1.518e-02 0.311 0.378 0.913 -0.312
0.015 0.00898 9.60206 1.3514657021 2.5250852108    1.321  1.794  3.6722  2.406    4  0.000  0.397     0.00     0.00     0.00     0.00     0.00 -1    -1e-30      0.00 6.886e-01 2.962e-01 1.974e-03 1.510e-03 6.630e-03 -1.000 1.518e-02 0.285 0.355 0.893 -0.337
0.015 0.00898 9.60206 1.3517823219 2.5251183510    1.322  1.813  3.6704  2.379    4  0.000  0.397     0.00     0.00     0.00     0.00     0.00 -1    -1e-30      0.00 6.886e-01 2.962e-01 1.974e-03 1.510e-03 6.630e-03 -1.000 1.518e-02 0.237 0.313 0.856 -0.384
0.015 0.00898 9.60206 1.3520189524 2.5251431465    1.322  1.851  3.6670  2.328    4  0.000  0.397     0.00     0.00     0.00     0.00     0.00 -1    -1e-30      0.00 6.886e-01 2.962e-01 1.974e-03 1.511e-03 6.630e-03 -1.000 1.518e-02 0.143 0.232 0.786 -0.474
0.015 0.00898 9.60206 1.3521380424 2.5251555443    1.322  1.892  3.6633  2.273    4  0.000  0.397     0.00     0.00     0.00     0.00     0.00 -1    -1e-30      0.00 6.886e-01 2.962e-01 1.973e-03 1.511e-03 6.630e-03 -1.000 1.518e-02 0.040 0.143 0.709 -0.572
0.015 0.00898 9.60206 1.3521996737 2.5251619816    1.322  1.935  3.6595  2.214    4  0.000  0.397     0.00     0.00     0.00     0.00     0.00 -1    -1e-30      0.00 6.886e-01 2.962e-01 1.973e-03 1.511e-03 6.630e-03 -1.000 1.518e-02 -0.068 0.050 0.628 -0.675
0.015 0.00898 9.60206 1.3522278070 2.5251648426    1.322  1.974  3.6561  2.162    4  0.000  0.397     0.00     0.00     0.00     0.00     0.00 -1    -1e-30      0.00 6.886e-01 2.962e-01 1.973e-03 1.511e-03 6.630e-03 -1.000 1.518e-02 -0.166 -0.034 0.555 -0.767
0.015 0.00898 9.60206 1.3522435427 2.5251665115    1.322  2.014  3.6527  2.108    4  0.000  0.397     0.00     0.00     0.00     0.00     0.00 -1    -1e-30      0.00 6.886e-01 2.962e-01 1.973e-03 1.511e-03 6.630e-03 -1.000 1.518e-02 -0.265 -0.119 0.482 -0.862
0.015 0.00898 9.60206 1.3522527218 2.5251674652    1.322  2.053  3.6494  2.056    4  0.000  0.397     0.00     0.00     0.00     0.00     0.00 -1    -1e-30      0.00 6.886e-01 2.962e-01 1.973e-03 1.511e-03 6.630e-03 -1.000 1.518e-02 -0.362 -0.202 0.411 -0.952
0.015 0.00898 9.60206 1.3522588015 2.5251681805    1.322  2.089  3.6464  2.008    4  0.000  0.397     0.00     0.00     0.00     0.00     0.00 -1    -1e-30      0.00 6.886e-01 2.962e-01 1.973e-03 1.511e-03 6.630e-03 -1.000 1.518e-02 -0.453 -0.279 0.346 -1.037
0.015 0.00898 9.60206 1.3522595167 2.5251681805    1.322  2.094  3.6460  2.001    4  0.000  0.397     0.00     0.00     0.00     0.00     0.00 -1    -1e-30      0.00 6.886e-01 2.962e-01 1.973e-03 1.511e-03 6.630e-03 -1.000 1.518e-02 -0.465 -0.289 0.337 -1.048
0.015 0.00898 9.60206 1.3522596359 2.5251681805    1.322  2.094  3.6459  2.001    7  0.000  0.397     0.00     0.00     0.00     0.00     0.00 -1    -1e-30      0.00 6.886e-01 2.962e-01 1.973e-03 1.511e-03 6.630e-03 -1.000 1.518e-02 -0.466 -0.290 0.336 -1.050
0.015 0.00898 9.60206 1.3522652388 2.5251688957    1.322  2.137  3.6424  1.944    7  0.000  0.397     0.00     0.00     0.00     0.00     0.00 -1    -1e-30      0.00 6.886e-01 2.962e-01 1.973e-03 1.511e-03 6.630e-03 -1.000 1.518e-02 -0.571 -0.379 0.259 -1.147
0.015 0.00898 9.60206 1.3522701263 2.5251693726    1.322  2.170  3.6396  1.899    7  0.000  0.397     0.00     0.00     0.00     0.00     0.00 -1    -1e-30      0.00 6.886e-01 2.962e-01 1.973e-03 1.511e-03 6.630e-03 -1.000 1.518e-02 -0.656 -0.450 0.197 -1.225
0.015 0.00898 9.60206 1.3522748947 2.5251698494    1.322  2.191  3.6379  1.872    7  0.000  0.397     0.00     0.00     0.00     0.00     0.00 -1    -1e-30      0.00 6.886e-01 2.962e-01 1.973e-03 1.511e-03 6.630e-03 -1.000 1.518e-02 -0.707 -0.492 0.160 -1.271
0.015 0.00898 9.60206 1.3522800207 2.5251703262    1.322  2.206  3.6367  1.852    7  0.000  0.397     0.00     0.00     0.00     0.00     0.00 -1    -1e-30      0.00 6.886e-01 2.962e-01 1.973e-03 1.511e-03 6.630e-03 -1.000 1.518e-02 -0.745 -0.524 0.132 -1.306
0.015 0.00898 9.60206 1.3522933722 2.5251717567    1.322  2.208  3.6366  1.850    7  0.000  0.397     0.00     0.00     0.00     0.00     0.00 -1 -1.01e-30      0.00 6.886e-01 2.962e-01 1.973e-03 1.511e-03 6.630e-03 -1.000 1.518e-02 -0.750 -0.528 0.129 -1.310
0.015 0.00898 9.60206 1.3523012400 2.5251724720    1.322  2.192  3.6379  1.871    7  0.000  0.397     0.00     0.00     0.00     0.00     0.00 -1 -1.02e-30      0.00 6.886e-01 2.962e-01 1.973e-03 1.511e-03 6.630e-03 -1.000 1.518e-02 -0.710 -0.495 0.158 -1.274
0.015 0.00898 9.60206 1.3523182869 2.5251743793    1.322  2.168  3.6399  1.903    7  0.000  0.397     0.00     0.00     0.00     0.00     0.00 -1  -1.1e-30      0.00 6.886e-01 2.962e-01 1.973e-03 1.511e-03 6.630e-03 -1.000 1.518e-02 -0.650 -0.446 0.200 -1.220
0.015 0.00898 9.60206 1.3523504734 2.5251777172    1.322  2.152  3.6413  1.925    7  0.000  0.397     0.00     0.00     0.00     0.00     0.00 -1 -4.22e-30      0.00 6.886e-01 2.962e-01 1.973e-03 1.511e-03 6.630e-03 -1.000 1.521e-02 -0.609 -0.411 0.230 -1.182
0.015 0.00898 9.60206 1.3525264263 2.5251960754    1.322  2.141  3.6421  1.939    7  0.000  0.397     0.00     0.00     0.00     0.00     0.00 -1 -6.82e-20      0.00 6.886e-01 2.959e-01 1.973e-03 1.511e-03 6.630e-03 -1.000 1.557e-02 -0.582 -0.388 0.251 -1.157
0.015 0.00898 9.60206 1.3526911736 2.5252132416    1.322  2.164  3.6402  1.908    7  0.000  0.397     0.00     0.00     0.00     0.00     0.00 -1 -1.35e-10      0.00 6.886e-01 2.955e-01 1.973e-03 1.511e-03 6.630e-03 -1.000 1.590e-02 -0.639 -0.436 0.208 -1.210
0.015 0.00898 9.60206 1.3528287411 2.5252277851    1.322  2.204  3.6368  1.855    7  0.000  0.397     0.00     0.00     0.00     0.00     0.00 -1 -3.98e-10      0.00 6.886e-01 2.955e-01 1.973e-03 1.512e-03 6.630e-03 -1.000 1.592e-02 -0.740 -0.519 0.137 -1.301
0.015 0.00898 9.60206 1.3529466391 2.5252399445    1.322  2.246  3.6333  1.798    7  0.000  0.397     0.00     0.00     0.00     0.00     0.00 -1 -4.97e-10      0.00 6.886e-01 2.955e-01 1.973e-03 1.512e-03 6.630e-03 -1.000 1.592e-02 -0.845 -0.607 0.061 -1.396
0.015 0.00898 9.60206 1.3530447483 2.5252501965    1.321  2.288  3.6298  1.742    7  0.000  0.397     0.00     0.00     0.00     0.00     0.00 -1 -6.12e-10      0.00 6.886e-01 2.955e-01 1.972e-03 1.512e-03 6.630e-03 -1.000 1.592e-02 -0.950 -0.694 -0.014 -1.491
0.015 0.00898 9.60206 1.3531270027 2.5252587795    1.321  2.329  3.6264  1.687    7  0.000  0.397     0.00     0.00     0.00     0.00     0.00 -1 -7.52e-10      0.00 6.886e-01 2.955e-01 1.972e-03 1.512e-03 6.630e-03 -1.000 1.592e-02 -1.053 -0.777 -0.086 -1.583
0.015 0.00898 9.60206 1.3531979322 2.5252661705    1.320  2.370  3.6229  1.632    7  0.000  0.397     0.00     0.00     0.00     0.00     0.00 -1 -9.22e-10      0.00 6.886e-01 2.955e-01 1.972e-03 1.512e-03 6.630e-03 -1.000 1.592e-02 -1.155 -0.860 -0.158 -1.673
0.015 0.00898 9.60206 1.3532596827 2.5252726078    1.320  2.411  3.6195  1.578    7  0.000  0.397     0.00     0.00     0.00     0.00     0.00 -1 -1.13e-09      0.00 6.886e-01 2.955e-01 1.972e-03 1.512e-03 6.630e-03 -1.000 1.592e-02 -1.256 -0.942 -0.230 -1.763
0.015 0.00898 9.60206 1.3533146381 2.5252783298    1.319  2.451  3.6161  1.523    7  0.000  0.396     0.00     0.00     0.00     0.00     0.00 -1 -1.38e-09      0.00 6.886e-01 2.955e-01 1.972e-03 1.512e-03 6.630e-03 -1.000 1.592e-02 -1.358 -1.023 -0.299 -1.851
0.015 0.00898 9.60206 1.3533648252 2.5252835751    1.319  2.492  3.6126  1.468    7  0.000  0.396     0.00     0.00     0.00     0.00     0.00 -1 -1.68e-09      0.00 6.886e-01 2.955e-01 1.972e-03 1.512e-03 6.630e-03 -1.000 1.592e-02 -1.461 -1.104 -0.367 -1.942
0.015 0.00898 9.60206 1.3534109592 2.5252885818    1.318  2.533  3.6090  1.413    7  0.000  0.396     9.65     7.11     5.05     3.84     3.12  4 -2.07e-09      0.00 6.886e-01 2.955e-01 1.972e-03 1.512e-03 6.630e-03 -1.000 1.592e-02 -1.564 -1.183 -0.430 -2.032
0.015 0.00898 9.60206 1.3534538746 2.5252928734    1.317  2.574  3.6050  1.355    7  0.000  0.396    10.85     7.88     5.57     4.25     3.45  4 -2.52e-09      0.00 6.886e-01 2.955e-01 1.971e-03 1.513e-03 6.630e-03 -1.000 1.592e-02 -1.666 -1.258 -0.484 -2.119
0.015 0.00898 9.60206 1.3534845114 2.5252962112    1.316  2.606  3.5996  1.302    7  0.000  0.396    12.10     8.68     6.11     4.66     3.79  4 -2.94e-09      0.00 6.886e-01 2.955e-01 1.971e-03 1.513e-03 6.630e-03 -1.000 1.592e-02 -1.745 -1.298 -0.498 -2.177
0.015 0.00898 9.60206 1.3535227776 2.5253002644    1.315  2.647  3.5954  1.243    7  0.000  0.396    13.64     9.65     6.75     5.17     4.20  4 -3.57e-09      0.00 6.886e-01 2.955e-01 1.970e-03 1.513e-03 6.630e-03 -1.000 1.592e-02 -1.848 -1.368 -0.543 -2.261
0.015 0.00898 9.60206 1.3535585403 2.5253038406    1.314  2.688  3.5918  1.187    7  0.000  0.396    15.29    10.67     7.44     5.70     4.64  4 -4.37e-09      0.00 6.886e-01 2.955e-01 1.967e-03 1.516e-03 6.630e-03 -1.000 1.592e-02 -1.951 -1.441 -0.595 -2.348
0.015 0.00898 9.60206 1.3535921574 2.5253074169    1.313  2.729  3.5880  1.131    7  0.000  0.395    17.17    11.82     8.20     6.29     5.12  4 -5.28e-09      0.00 6.886e-01 2.955e-01 1.963e-03 1.520e-03 6.630e-03 -1.000 1.593e-02 -2.054 -1.511 -0.640 -2.433
0.015 0.00898 9.60206 1.3536262512 2.5253109932    1.311  2.771  3.5841  1.073    7  0.000  0.394    19.32    13.12     9.06     6.96     5.67  3 -6.45e-09      0.00 6.886e-01 2.955e-01 1.958e-03 1.526e-03 6.630e-03 -1.000 1.593e-02 -2.158 -1.580 -0.681 -2.517
0.015 0.00898 9.60206 1.3536580801 2.5253143311    1.309  2.812  3.5802  1.016    7  0.000  0.393    21.70    14.54     9.99     7.69     6.26  3 -7.83e-09      0.00 6.886e-01 2.955e-01 1.954e-03 1.531e-03 6.630e-03 -1.000 1.593e-02 -2.259 -1.645 -0.718 -2.598
0.015 0.00898 9.60206 1.3536823988 2.5253167152    1.307  2.849  3.5765  0.963    7  0.000  0.392    24.16    15.98    10.94     8.43     6.87  3 -9.29e-09      0.00 6.886e-01 2.955e-01 1.951e-03 1.536e-03 6.630e-03 -1.000 1.591e-02 -2.353 -1.697 -0.734 -2.668
0.015 0.00898 9.60206 1.3536978960 2.5253183842    1.306  2.881  3.5733  0.917    7  0.000  0.392    26.53    17.36    11.83     9.14     7.44  3 -1.08e-08      0.00 6.885e-01 2.955e-01 1.948e-03 1.539e-03 6.630e-03 -1.000 1.591e-02 -2.434 -1.740 -0.745 -2.728
0.015 0.00898 9.60206 1.3537101746 2.5253198147    1.304  2.912  3.5701  0.873    7  0.000  0.391    29.03    18.79    12.77     9.87     8.04  3 -1.25e-08      0.00 6.885e-01 2.955e-01 1.946e-03 1.542e-03 6.630e-03 -1.000 1.593e-02 -2.511 -1.782 -0.755 -2.785
0.015 0.00898 9.60206 1.3537211418 2.5253207684    1.303  2.947  3.5665  0.824    7  0.000  0.391    32.13    20.56    13.91    10.77     8.77  3 -1.46e-08      0.00 6.885e-01 2.955e-01 1.943e-03 1.545e-03 6.630e-03 -1.000 1.593e-02 -2.598 -1.819 -0.745 -2.844
0.015 0.00898 9.60206 1.3537311554 2.5253219604    1.302  2.984  3.5625  0.771    7  0.000  0.390    35.79    22.61    15.23    11.81     9.62  3 -1.72e-08      0.00 6.885e-01 2.955e-01 1.941e-03 1.547e-03 6.630e-03 -1.000 1.593e-02 -2.690 -1.857 -0.731 -2.904
0.015 0.00898 9.60206 1.3537402153 2.5253229141    1.300  3.020  3.5586  0.719    7  0.000  0.390    39.80    24.83    16.66    12.93    10.54  3 -2.01e-08      0.00 6.885e-01 2.955e-01 1.940e-03 1.549e-03 6.630e-03 -1.000 1.593e-02 -2.779 -1.890 -0.706 -2.961
0.015 0.00898 9.60206 1.3537490368 2.5253238678    1.298  3.057  3.5544  0.665    7  0.000  0.390    44.46    27.38    18.29    14.21    11.59  2 -2.38e-08      0.00 6.885e-01 2.955e-01 1.938e-03 1.550e-03 6.630e-03 -1.000 1.593e-02 -2.871 -1.916 -0.661 -3.013
0.015 0.00898 9.60206 1.3537580967 2.5253248215    1.296  3.096  3.5499  0.607    7  0.000  0.389    50.03    30.38    20.19    15.72    12.82  2 -2.84e-08      0.00 6.885e-01 2.955e-01 1.937e-03 1.552e-03 6.630e-03 -1.000 1.593e-02 -2.969 -1.942 -0.608 -3.068
0.015 0.00898 9.60206 1.3537684679 2.5253257751    1.293  3.140  3.5447  0.540    7  0.000  0.389    57.31    34.24    22.64    17.66    14.40  2 -3.47e-08      0.00 6.885e-01 2.955e-01 1.937e-03 1.552e-03 6.630e-03 -1.000 1.593e-02 -3.080 -1.954 -0.509 -3.115
0.015 0.00898 9.60206 1.3537799120 2.5253269672    1.289  3.184  3.5393  0.473    7  0.000  0.389    65.67    38.60    25.38    19.84    16.18  2 -4.22e-08      0.00 6.885e-01 2.955e-01 1.936e-03 1.553e-03 6.630e-03 -1.000 1.593e-02 -3.189 -1.960 -0.396 -3.158
0.015 0.00898 9.60206 1.3537907600 2.5253281593    1.284  3.222  3.5345  0.415    7  0.000  0.389    73.97    42.87    28.05    21.96    17.92  2 -4.98e-08      0.00 6.885e-01 2.955e-01 1.936e-03 1.553e-03 6.630e-03 -1.000 1.593e-02 -3.284 -1.950 -0.264 -3.181
0.015 0.00898 9.60206 1.3537949324 2.5253286362    1.282  3.211  3.5357  0.430    7  0.000  0.389    71.75    41.73    27.34    21.39    17.46  2 -4.81e-08      0.00 6.885e-01 2.955e-01 1.936e-03 1.553e-03 6.630e-03 -1.000 1.593e-02 -3.257 -1.950 -0.294 -3.172
0.015 0.00898 9.60206 1.3537966013 2.5253286362    1.281  3.229  3.5335  0.402    7  0.000  0.389    75.85    43.82    28.65    22.43    18.31  2  -5.2e-08      0.00 6.885e-01 2.955e-01 1.936e-03 1.553e-03 6.630e-03 -1.000 1.593e-02 -3.303 -1.947 -0.236 -3.185
0.015 0.00898 9.60206 1.3537968397 2.5253286362    1.281  3.226  3.5339  0.407    7  0.000  0.389    75.11    43.45    28.41    22.25    18.15  2 -5.13e-08      0.00 6.885e-01 2.955e-01 1.936e-03 1.553e-03 6.630e-03 -1.000 1.593e-02 -3.295 -1.949 -0.248 -3.183
0.015 0.00898 9.60206 1.3537969589 2.5253288746    1.281  3.214  3.5353  0.425    7  0.000  0.389    72.47    42.10    27.57    21.58    17.60  2 -4.89e-08      0.00 6.885e-01 2.955e-01 1.936e-03 1.553e-03 6.630e-03 -1.000 1.593e-02 -3.266 -1.951 -0.287 -3.176
0.015 0.00898 9.60206 1.3537971973 2.5253288746    1.281  3.210  3.5358  0.431    7  0.000  0.389    71.59    41.65    27.29    21.35    17.42  2 -4.81e-08      0.00 6.885e-01 2.955e-01 1.936e-03 1.553e-03 6.630e-03 -1.000 1.593e-02 -3.256 -1.951 -0.300 -3.173
0.015 0.00898 9.60206 1.3537974358 2.5253288746    1.281  3.219  3.5347  0.418    7  0.000  0.389    73.53    42.64    27.91    21.85    17.83  2 -4.99e-08      0.00 6.885e-01 2.955e-01 1.936e-03 1.553e-03 6.630e-03 -1.000 1.593e-02 -3.277 -1.950 -0.270 -3.179
0.015 0.00898 9.60206 1.3537975550 2.5253288746    1.281  3.227  3.5337  0.405    7  0.000  0.389    75.46    43.63    28.52    22.34    18.23  2 -5.16e-08      0.00 6.885e-01 2.955e-01 1.936e-03 1.553e-03 6.630e-03 -1.000 1.593e-02 -3.298 -1.948 -0.242 -3.184
0.015 0.00898 9.60206 1.3537977934 2.5253288746    1.281  3.236  3.5325  0.391    7  0.000  0.389    77.59    44.71    29.20    22.87    18.66  2 -5.36e-08      0.00 6.885e-01 2.955e-01 1.936e-03 1.553e-03 6.630e-03 -1.000 1.593e-02 -3.321 -1.945 -0.210 -3.189
0.015 0.00898 9.60206 1.3537981510 2.5253288746    1.281  3.245  3.5314  0.377    7  0.000  0.389    79.85    45.85    29.91    23.44    19.13  2 -5.57e-08      0.00 6.885e-01 2.955e-01 1.936e-03 1.553e-03 6.630e-03 -1.000 1.593e-02 -3.344 -1.942 -0.177 -3.194
0.015 0.00898 9.60206 1.3537986279 2.5253288746    1.280  3.257  3.5299  0.360    7  0.000  0.389    82.77    47.33    30.83    24.17    19.73  2 -5.84e-08      0.00 6.885e-01 2.955e-01 1.936e-03 1.553e-03 6.630e-03 -1.000 1.593e-02 -3.372 -1.938 -0.135 -3.200
0.015 0.00898 9.60206 1.3537992239 2.5253291130    1.280  3.270  3.5280  0.339    7  0.000  0.389    86.38    49.14    31.96    25.07    20.46  2  -6.2e-08      0.00 6.885e-01 2.955e-01 1.936e-03 1.553e-03 6.630e-03 -1.000 1.593e-02 -3.406 -1.924 -0.070 -3.198
0.015 0.00898 9.60206 1.3538000584 2.5253291130    1.279  3.278  3.5269  0.327    7  0.000  0.389    88.56    50.23    32.63    25.61    20.90  2 -6.41e-08      0.00 6.885e-01 2.955e-01 1.936e-03 1.553e-03 6.630e-03 -1.000 1.593e-02 -3.425 -1.914 -0.028 -3.194
0.015 0.00898 9.60206 1.3538011312 2.5253291130    1.279  3.272  3.5275  0.334    7  0.000  0.389    87.19    49.54    32.21    25.27    20.62  2 -6.24e-08      0.00 6.885e-01 2.956e-01 1.935e-03 1.555e-03 6.630e-03 -1.000 1.590e-02 -3.411 -1.915 -0.046 -3.192
0.015 0.00898 9.60206 1.3538026810 2.5253293514    1.278  3.286  3.5253  0.312    7  0.000  0.389    91.24    51.56    33.46    26.27    21.44  2 -6.63e-08      0.00 6.885e-01 2.956e-01 1.935e-03 1.555e-03 6.630e-03 -1.000 1.590e-02 -3.444 -1.890 0.041 -3.181
0.015 0.00898 9.60206 1.3538048267 2.5253295898    1.276  3.365  3.5150  0.191    7  0.529  0.389   116.95    64.16    41.23    32.47    26.52  2 -9.19e-08      0.00 6.885e-01 2.956e-01 1.935e-03 1.555e-03 6.630e-03 -1.000 1.590e-02 -3.642 -1.785 0.460 -3.139
0.015 0.00898 9.60206 1.3538074493 2.5253298283    1.273  3.414  3.5082  0.113    7  0.528  0.389   137.17    73.83    47.13    37.20    30.40  1 -1.14e-07      0.00 6.885e-01 2.956e-01 1.935e-03 1.555e-03 6.630e-03 -1.000 1.590e-02 -3.766 -1.691 0.763 -3.084
0.015 0.00898 9.60206 1.3538075686 2.5253298283    1.273  3.414  3.5082  0.113    8  0.528  0.409   137.17    73.83    47.14    37.21    30.40  1 -1.14e-07      0.00 6.885e-01 2.963e-01 2.041e-03 1.556e-03 6.645e-03 -1.000 1.516e-02 -3.766 -1.691 0.763 -3.084
0.015 0.00898 9.60206 1.3538076878 2.5253298283    1.273  3.161  3.5408  0.496    8  0.528  0.410    62.44    36.91    24.31    19.00    15.49  2    -4e-08      0.00 6.885e-01 2.963e-01 2.041e-03 1.556e-03 6.645e-03 -1.000 1.516e-02 -3.134 -1.935 -0.408 -3.123
0.015 0.00898 9.60206 1.3538078070 2.5253298283    1.273  3.063  3.5531  0.644    8  0.528  0.410    46.15    28.28    18.86    14.67    11.96  2 -2.63e-08      0.00 6.885e-01 2.963e-01 2.041e-03 1.556e-03 6.645e-03 -1.000 1.516e-02 -2.889 -1.913 -0.634 -3.018
0.015 0.00898 9.60206 1.3538082838 2.5253298283    1.272  2.874  3.5769  0.928    8  0.528  0.410    25.76    16.92    11.54     8.92     7.26  3 -1.14e-08      0.00 6.885e-01 2.963e-01 2.041e-03 1.556e-03 6.645e-03 -1.000 1.516e-02 -2.416 -1.764 -0.804 -2.734
0.015 0.00898 9.60206 1.3538087606 2.5253300667    1.272  2.892  3.5746  0.901    8  0.528  0.410    27.22    17.77    12.09     9.35     7.61  3 -1.24e-08      0.00 6.885e-01 2.963e-01 2.041e-03 1.556e-03 6.645e-03 -1.000 1.516e-02 -2.459 -1.781 -0.797 -2.762
0.015 0.00898 9.60206 1.3538094759 2.5253300667    1.271  3.007  3.5598  0.726    8  0.528  0.410    38.96    24.36    16.35    12.70    10.35  3 -2.06e-08      0.00 6.885e-01 2.963e-01 2.041e-03 1.556e-03 6.645e-03 -1.000 1.516e-02 -2.748 -1.878 -0.714 -2.941
0.015 0.00898 9.60206 1.3538103104 2.5253300667    1.270  3.165  3.5395  0.487    8  0.529  0.410    63.66    37.54    24.71    19.31    15.75  2 -4.08e-08      0.00 6.885e-01 2.963e-01 2.041e-03 1.556e-03 6.645e-03 -1.000 1.516e-02 -3.143 -1.920 -0.364 -3.116
0.015 0.00898 9.60206 1.3538113832 2.5253303051    1.269  3.301  3.5221  0.281    8  0.529  0.410    97.09    54.45    35.24    27.69    22.61  2 -7.22e-08      0.00 6.885e-01 2.963e-01 2.041e-03 1.556e-03 6.645e-03 -1.000 1.516e-02 -3.482 -1.844 0.177 -3.155
0.015 0.00898 9.60206 1.3538126945 2.5253303051    1.268  3.390  3.5104  0.145    8  0.529  0.410   128.42    69.64    44.58    35.16    28.72  1 -1.05e-07      0.00 6.885e-01 2.963e-01 2.041e-03 1.556e-03 6.645e-03 -1.000 1.516e-02 -3.705 -1.698 0.695 -3.080
0.015 0.00898 9.60206 1.3538141251 2.5253305435    1.266  3.438  3.5040  0.071    8  0.529  0.410   149.45    79.58    50.63    40.02    32.70  1 -1.27e-07      0.00 6.885e-01 2.963e-01 2.041e-03 1.556e-03 6.645e-03 -1.000 1.516e-02 -3.824 -1.624 0.935 -3.037
0.015 0.00898 9.60206 1.3538156748 2.5253307819    1.265  3.461  3.5006  0.034    8  0.530  0.410   161.18    85.05    53.95    42.68    34.88  1  -1.4e-07      0.00 6.885e-01 2.963e-01 2.041e-03 1.556e-03 6.645e-03 -1.000 1.516e-02 -3.882 -1.573 1.077 -3.002
0.015 0.00898 9.60206 1.3538174629 2.5253307819    1.263  3.474  3.4984  0.010    8  0.530  0.410   169.07    88.69    56.15    44.45    36.33  1 -1.49e-07      0.00 6.885e-01 2.963e-01 2.041e-03 1.556e-03 6.645e-03 -1.000 1.516e-02 -3.916 -1.538 1.162 -2.976
0.015 0.00898 9.60206 1.3538175821 2.5253310204    1.263  3.288  3.5219  0.291    8  0.530  0.410    95.11    53.45    34.62    27.20    22.21  2 -6.92e-08      0.00 6.885e-01 2.963e-01 2.041e-03 1.556e-03 6.645e-03 -1.000 1.516e-02 -3.451 -1.807 0.218 -3.120
0.015 0.00898 9.60206 1.3538178205 2.5253310204    1.262  3.129  3.5419  0.529    8  0.530  0.410    58.23    34.70    22.92    17.89    14.59  2 -3.56e-08      0.00 6.885e-01 2.963e-01 2.041e-03 1.556e-03 6.645e-03 -1.000 1.516e-02 -3.054 -1.876 -0.375 -3.056
0.015 0.00898 9.60206 1.3538181782 2.5253310204    1.262  2.940  3.5658  0.815    8  0.530  0.410    32.42    20.72    14.01    10.85     8.84  3 -1.57e-08      0.00 6.885e-01 2.963e-01 2.041e-03 1.556e-03 6.645e-03 -1.000 1.516e-02 -2.580 -1.793 -0.710 -2.820
0.015 0.00898 9.60206 1.3538187742 2.5253310204    1.261  2.956  3.5637  0.790    8  0.530  0.410    34.12    21.68    14.62    11.34     9.24  3 -1.69e-08      0.00 6.885e-01 2.963e-01 2.041e-03 1.556e-03 6.645e-03 -1.000 1.516e-02 -2.620 -1.805 -0.694 -2.845
0.015 0.00898 9.60206 1.3538196087 2.5253310204    1.260  3.069  3.5494  0.619    8  0.530  0.410    48.42    29.50    19.62    15.29    12.46  2 -2.76e-08      0.00 6.885e-01 2.963e-01 2.041e-03 1.556e-03 6.645e-03 -1.000 1.516e-02 -2.902 -1.865 -0.520 -2.994
0.015 0.00898 9.60206 1.3538205624 2.5253312588    1.259  3.223  3.5297  0.386    8  0.531  0.410    78.19    44.98    29.36    23.01    18.78  2 -5.32e-08      0.00 6.885e-01 2.963e-01 2.041e-03 1.556e-03 6.645e-03 -1.000 1.516e-02 -3.288 -1.850 -0.046 -3.112
0.015 0.00898 9.60206 1.3538217545 2.5253312588    1.258  3.355  3.5128  0.186    8  0.531  0.410   117.82    64.52    41.43    32.65    26.67  2 -9.22e-08      0.00 6.885e-01 2.963e-01 2.041e-03 1.556e-03 6.645e-03 -1.000 1.516e-02 -3.618 -1.691 0.621 -3.057
0.015 0.00898 9.60206 1.3538230658 2.5253314972    1.256  3.441  3.5018  0.055    8  0.531  0.410   154.01    81.66    51.88    41.03    33.53  1 -1.31e-07      0.00 6.885e-01 2.963e-01 2.041e-03 1.556e-03 6.645e-03 -1.000 1.516e-02 -3.832 -1.563 1.053 -2.986
0.015 0.00898 9.60206 1.3538247347 2.5253317356    1.254  3.485  3.4959 -0.013    8  0.532  0.410   177.17    92.36    58.36    46.24    37.79  1 -1.58e-07      0.00 6.885e-01 2.963e-01 2.041e-03 1.556e-03 6.645e-03 -1.000 1.516e-02 -3.943 -1.492 1.256 -2.940
0.015 0.00898 9.60206 1.3538264036 2.5253317356    1.252  3.505  3.4932 -0.044    8  0.532  0.410   188.86    97.68    61.56    48.82    39.91  1 -1.72e-07      0.00 6.885e-01 2.963e-01 2.041e-03 1.556e-03 6.645e-03 -1.000 1.516e-02 -3.991 -1.459 1.346 -2.916
0.015 0.00898 9.60206 1.3538284302 2.5253319740    1.250  3.515  3.4916 -0.061    8  0.533  0.410   195.62   100.73    63.40    50.30    41.12  1  -1.8e-07      0.00 6.885e-01 2.963e-01 2.041e-03 1.556e-03 6.645e-03 -1.000 1.516e-02 -4.017 -1.437 1.400 -2.900
0.015 0.00898 9.60206 1.3538285494 2.5253319740    1.250  3.336  3.5143  0.208    8  0.533  0.410   112.40    61.87    39.80    31.35    25.60  2 -8.67e-08      0.00 6.885e-01 2.963e-01 2.041e-03 1.556e-03 6.645e-03 -1.000 1.516e-02 -3.570 -1.693 0.569 -3.050
0.015 0.00898 9.60206 1.3538287878 2.5253319740    1.249  3.178  3.5344  0.446    8  0.533  0.410    68.89    40.22    26.38    20.65    16.85  2  -4.5e-08      0.00 6.885e-01 2.963e-01 2.041e-03 1.556e-03 6.645e-03 -1.000 1.516e-02 -3.175 -1.841 -0.159 -3.072
0.015 0.00898 9.60206 1.3538292646 2.5253322124    1.249  2.989  3.5586  0.732    8  0.533  0.410    38.28    23.99    16.10    12.51    10.19  3    -2e-08      0.00 6.885e-01 2.963e-01 2.041e-03 1.556e-03 6.645e-03 -1.000 1.516e-02 -2.702 -1.813 -0.629 -2.883
0.015 0.00898 9.60206 1.3538298607 2.5253322124    1.248  3.005  3.5565  0.707    8  0.533  0.410    40.27    25.08    16.80    13.06    10.64  2 -2.15e-08      0.00 6.885e-01 2.963e-01 2.041e-03 1.556e-03 6.645e-03 -1.000 1.516e-02 -2.742 -1.819 -0.599 -2.903
0.015 0.00898 9.60206 1.3538308144 2.5253322124    1.247  3.115  3.5422  0.539    8  0.533  0.410    56.89    33.99    22.46    17.54    14.30  2 -3.47e-08      0.00 6.885e-01 2.963e-01 2.041e-03 1.556e-03 6.645e-03 -1.000 1.516e-02 -3.019 -1.847 -0.352 -3.024
0.015 0.00898 9.60206 1.3538318872 2.5253324509    1.245  3.267  3.5227  0.309    8  0.534  0.410    91.22    51.48    33.39    26.24    21.41  2 -6.58e-08      0.00 6.885e-01 2.963e-01 2.041e-03 1.556e-03 6.645e-03 -1.000 1.516e-02 -3.397 -1.775 0.225 -3.082
0.015 0.00898 9.60206 1.3538331985 2.5253324509    1.243  3.395  3.5059  0.113    8  0.534  0.410   136.55    73.40    46.85    37.01    30.23  1 -1.12e-07      0.00 6.885e-01 2.963e-01 2.041e-03 1.556e-03 6.645e-03 -1.000 1.516e-02 -3.719 -1.581 0.922 -2.984
0.015 0.00898 9.60206 1.3538346291 2.5253326893    1.241  3.479  3.4950 -0.015    8  0.534  0.410   177.59    92.46    58.40    46.30    37.84  1 -1.58e-07      0.00 6.885e-01 2.963e-01 2.041e-03 1.556e-03 6.645e-03 -1.000 1.516e-02 -3.927 -1.451 1.313 -2.901
0.015 0.00898 9.60206 1.3538364172 2.5253329277    1.239  3.521  3.4892 -0.081    8  0.535  0.410   203.52   104.21    65.47    51.99    42.50  1 -1.89e-07      0.00 6.885e-01 2.963e-01 2.041e-03 1.556e-03 6.645e-03 -1.000 1.516e-02 -4.033 -1.391 1.481 -2.861
0.015 0.00898 9.60206 1.3538384438 2.5253331661    1.236  3.539  3.4865 -0.111    8  0.535  0.410   215.37   109.90    68.88    54.74    44.76  1 -2.04e-07      0.00 6.885e-01 2.963e-01 2.041e-03 1.556e-03 6.645e-03 -1.000 1.516e-02 -4.079 -1.382 1.509 -2.857
0.015 0.00898 9.60206 1.3538405895 2.5253334045    1.233  3.548  3.4851 -0.127    8  0.536  0.410   220.34   113.03    70.74    56.26    46.00  1 -2.13e-07      0.00 6.885e-01 2.963e-01 2.041e-03 1.556e-03 6.645e-03 -1.000 1.516e-02 -4.101 -1.373 1.527 -2.852
0.015 0.00898 9.60206 1.3538407087 2.5253334045    1.233  3.379  3.5070  0.130    8  0.536  0.410   131.71    71.05    45.41    35.87    29.29  1 -1.07e-07      0.00 6.885e-01 2.963e-01 2.041e-03 1.556e-03 6.645e-03 -1.000 1.516e-02 -3.678 -1.572 0.903 -2.970
0.015 0.00898 9.60206 1.3538409472 2.5253334045    1.233  3.223  3.5273  0.367    8  0.536  0.410    80.81    46.25    30.14    23.65    19.30  2 -5.65e-08      0.00 6.885e-01 2.963e-01 2.041e-03 1.556e-03 6.645e-03 -1.000 1.516e-02 -3.287 -1.786 0.083 -3.064
0.015 0.00898 9.60206 1.3538414240 2.5253334045    1.232  3.034  3.5519  0.654    8  0.536  0.410    44.77    27.53    18.36    14.30    11.65  2 -2.54e-08      0.00 6.885e-01 2.963e-01 2.041e-03 1.556e-03 6.645e-03 -1.000 1.516e-02 -2.815 -1.818 -0.519 -2.932
0.015 0.00898 9.60206 1.3538421392 2.5253334045    1.231  3.050  3.5497  0.629    8  0.537  0.410    47.11    28.78    19.16    14.93    12.17  2 -2.73e-08      0.00 6.885e-01 2.963e-01 2.041e-03 1.556e-03 6.645e-03 -1.000 1.516e-02 -2.854 -1.823 -0.486 -2.950
0.015 0.00898 9.60206 1.3538430929 2.5253336430    1.229  3.158  3.5354  0.463    8  0.537  0.410    66.29    38.86    25.52    19.98    16.29  2 -4.34e-08      0.00 6.885e-01 2.963e-01 2.041e-03 1.556e-03 6.645e-03 -1.000 1.516e-02 -3.126 -1.814 -0.157 -3.037
0.015 0.00898 9.60206 1.3538442850 2.5253336430    1.227  3.306  3.5160  0.237    8  0.537  0.410   105.57    58.48    37.70    29.70    24.24  2 -8.07e-08      0.00 6.885e-01 2.963e-01 2.041e-03 1.556e-03 6.645e-03 -1.000 1.516e-02 -3.495 -1.673 0.533 -3.020
0.015 0.00898 9.60206 1.3538457155 2.5253338814    1.225  3.432  3.4993  0.043    8  0.538  0.410   157.11    82.91    52.61    41.66    34.04  1 -1.35e-07      0.00 6.885e-01 2.963e-01 2.041e-03 1.556e-03 6.645e-03 -1.000 1.516e-02 -3.809 -1.465 1.208 -2.899
0.015 0.00898 9.60206 1.3538473845 2.5253341198    1.222  3.513  3.4883 -0.083    8  0.538  0.410   203.49   104.04    65.35    51.92    42.44  1 -1.89e-07      0.00 6.885e-01 2.963e-01 2.041e-03 1.556e-03 6.645e-03 -1.000 1.516e-02 -4.012 -1.355 1.520 -2.826
0.015 0.00898 9.60206 1.3538491726 2.5253341198    1.219  3.554  3.4826 -0.148    8  0.539  0.410   226.26   116.99    73.09    58.18    47.57  1 -2.24e-07      0.00 6.885e-01 2.963e-01 2.041e-03 1.556e-03 6.645e-03 -1.000 1.516e-02 -4.115 -1.339 1.576 -2.822
0.015 0.00898 9.60206 1.3538513184 2.5253343582    1.215  3.572  3.4800 -0.177    8  0.540  0.410   236.12   123.24    76.81    61.19    50.04  1 -2.43e-07      0.00 6.885e-01 2.963e-01 2.041e-03 1.556e-03 6.645e-03 -1.000 1.516e-02 -4.159 -1.328 1.604 -2.816
0.015 0.00898 9.60206 1.3538537025 2.5253345966    1.211  3.580  3.4786 -0.192    8  0.540  0.410   241.37   126.63    78.82    62.82    51.37  1 -2.53e-07      0.00 6.885e-01 2.963e-01 2.041e-03 1.556e-03 6.645e-03 -1.000 1.516e-02 -4.180 -1.325 1.616 -2.816
0.015 0.00898 9.60206 1.3538538218 2.5253345966    1.211  3.423  3.4996  0.049    8  0.540  0.410   155.01    81.85    51.96    41.15    33.62  1 -1.35e-07      0.00 6.885e-01 2.963e-01 2.041e-03 1.556e-03 6.645e-03 -1.000 1.516e-02 -3.786 -1.451 1.215 -2.884
0.015 0.00898 9.60206 1.3538540602 2.5253345966    1.210  3.268  3.5202  0.286    8  0.540  0.410    95.16    53.34    34.52    27.16    22.17  2 -7.18e-08      0.00 6.885e-01 2.963e-01 2.041e-03 1.556e-03 6.645e-03 -1.000 1.516e-02 -3.400 -1.712 0.360 -3.034
0.015 0.00898 9.60206 1.3538546562 2.5253348351    1.209  3.079  3.5453  0.574    8  0.541  0.410    52.51    31.65    20.97    16.38    13.35  2 -3.27e-08      0.00 6.885e-01 2.963e-01 2.041e-03 1.556e-03 6.645e-03 -1.000 1.516e-02 -2.928 -1.814 -0.384 -2.971
0.015 0.00898 9.60206 1.3538553715 2.5253348351    1.208  3.095  3.5431  0.549    8  0.541  0.410    55.26    33.10    21.89    17.10    13.94  2 -3.51e-08      0.00 6.885e-01 2.963e-01 2.041e-03 1.556e-03 6.645e-03 -1.000 1.516e-02 -2.968 -1.813 -0.336 -2.984
0.015 0.00898 9.60206 1.3538563251 2.5253348351    1.206  3.201  3.5288  0.385    8  0.541  0.410    77.44    44.51    29.03    22.79    18.59  2 -5.51e-08      0.00 6.885e-01 2.963e-01 2.041e-03 1.556e-03 6.645e-03 -1.000 1.516e-02 -3.233 -1.770 0.058 -3.038
0.015 0.00898 9.60206 1.3538575172 2.5253350735    1.203  3.345  3.5093  0.163    8  0.542  0.410   122.43    66.51    42.61    33.65    27.47  1    -1e-07      0.00 6.885e-01 2.963e-01 2.041e-03 1.556e-03 6.645e-03 -1.000 1.516e-02 -3.592 -1.552 0.865 -2.939
0.015 0.00898 9.60206 1.3538589478 2.5253353119    1.200  3.467  3.4926 -0.027    8  0.542  0.410   181.03    93.71    59.11    46.93    38.34  1 -1.65e-07      0.00 6.885e-01 2.963e-01 2.041e-03 1.556e-03 6.645e-03 -1.000 1.516e-02 -3.897 -1.353 1.454 -2.811
0.015 0.00898 9.60206 1.3538607359 2.5253353119    1.196  3.545  3.4816 -0.151    8  0.543  0.410   225.77   117.12    73.13    58.25    47.62  1 -2.28e-07      0.00 6.885e-01 2.963e-01 2.041e-03 1.556e-03 6.645e-03 -1.000 1.516e-02 -4.094 -1.299 1.619 -2.783
0.015 0.00898 9.60206 1.3538626432 2.5253355503    1.192  3.585  3.4759 -0.215    8  0.544  0.410   248.34   131.43    81.64    65.15    53.27  1 -2.69e-07      0.00 6.885e-01 2.963e-01 2.041e-03 1.556e-03 6.645e-03 -1.000 1.516e-02 -4.193 -1.295 1.661 -2.789
0.015 0.00898 9.60206 1.3538647890 2.5253357887    1.188  3.602  3.4733 -0.244    8  0.544  0.410   259.04   138.37    85.75    68.49    56.01  1 -2.91e-07      0.00 6.885e-01 2.963e-01 2.041e-03 1.556e-03 6.645e-03 -1.000 1.516e-02 -4.235 -1.292 1.681 -2.791
0.015 0.00898 9.60206 1.3538672924 2.5253360271    1.183  3.610  3.4718 -0.260    8  0.545  0.410   264.79   142.18    87.99    70.32    57.51  1 -3.04e-07      0.00 6.885e-01 2.963e-01 2.041e-03 1.556e-03 6.645e-03 -1.000 1.516e-02 -4.255 -1.287 1.694 -2.788
0.015 0.00898 9.60206 1.3538674116 2.5253360271    1.182  3.465  3.4917 -0.036    8  0.545  0.410   183.74    94.79    59.74    47.46    38.78  1 -1.71e-07      0.00 6.885e-01 2.963e-01 2.041e-03 1.556e-03 6.645e-03 -1.000 1.516e-02 -3.893 -1.323 1.502 -2.784
0.015 0.00898 9.60206 1.3538676500 2.5253360271    1.181  3.312  3.5127  0.200    8  0.545  0.410   112.85    61.84    39.73    31.36    25.60  2 -9.27e-08      0.00 6.885e-01 2.963e-01 2.041e-03 1.556e-03 6.645e-03 -1.000 1.516e-02 -3.511 -1.579 0.736 -2.946
0.015 0.00898 9.60206 1.3538681269 2.5253362656    1.180  3.125  3.5384  0.491    8  0.546  0.410    61.97    36.57    24.06    18.85    15.36  2 -4.28e-08      0.00 6.885e-01 2.963e-01 2.041e-03 1.556e-03 6.645e-03 -1.000 1.516e-02 -3.042 -1.795 -0.214 -2.998
0.015 0.00898 9.60206 1.3538689613 2.5253362656    1.177  3.140  3.5362  0.465    8  0.546  0.410    65.28    38.27    25.12    19.70    16.06  2 -4.59e-08      0.00 6.885e-01 2.963e-01 2.041e-03 1.556e-03 6.645e-03 -1.000 1.516e-02 -3.080 -1.784 -0.145 -3.002
0.015 0.00898 9.60206 1.3538699150 2.5253362656    1.174  3.243  3.5217  0.303    8  0.546  0.410    91.16    51.27    33.21    26.15    21.33  2  -7.1e-08      0.00 6.885e-01 2.963e-01 2.041e-03 1.556e-03 6.645e-03 -1.000 1.516e-02 -3.338 -1.691 0.336 -3.004
0.015 0.00898 9.60206 1.3538711071 2.5253365040    1.171  3.382  3.5021  0.084    8  0.547  0.410   143.13    76.09    48.42    38.36    31.32  1 -1.26e-07      0.00 6.885e-01 2.963e-01 2.041e-03 1.556e-03 6.645e-03 -1.000 1.516e-02 -3.686 -1.434 1.164 -2.855
0.015 0.00898 9.60206 1.3538725376 2.5253367424    1.166  3.501  3.4853 -0.103    8  0.547  0.410   207.90   106.60    66.81    53.19    43.47  1 -2.05e-07      0.00 6.885e-01 2.963e-01 2.041e-03 1.556e-03 6.645e-03 -1.000 1.516e-02 -3.981 -1.265 1.626 -2.742
0.015 0.00898 9.60206 1.3538742065 2.5253367424    1.161  3.576  3.4742 -0.225    8  0.548  0.410   249.47   132.77    82.39    65.82    53.81  1  -2.8e-07      0.00 6.885e-01 2.963e-01 2.041e-03 1.556e-03 6.645e-03 -1.000 1.516e-02 -4.171 -1.247 1.717 -2.744
0.015 0.00898 9.60206 1.3538761139 2.5253369808    1.155  3.615  3.4683 -0.289    8  0.549  0.410   274.24   148.86    91.89    73.54    60.14  1 -3.38e-07      0.00 6.885e-01 2.963e-01 2.041e-03 1.556e-03 6.645e-03 -1.000 1.516e-02 -4.267 -1.246 1.754 -2.752
0.015 0.00898 9.60206 1.3538783789 2.5253372192    1.149  3.631  3.4655 -0.318    8  0.550  0.410   286.24   156.84    96.57    77.37    63.28  1 -4.07e-07      0.00 6.885e-01 2.963e-01 2.041e-03 1.556e-03 6.645e-03 -1.000 1.516e-02 -4.307 -1.246 1.774 -2.756
0.015 0.00898 9.60206 1.3538807631 2.5253374577    1.141  3.638  3.4639 -0.335    8  0.551  0.410   292.97   161.42    99.25    79.57    65.08  1 -4.51e-07      0.01 6.885e-01 2.963e-01 2.041e-03 1.556e-03 6.645e-03 -1.000 1.516e-02 -4.326 -1.241 1.791 -2.753
0.015 0.00898 9.60206 1.3538808823 2.5253374577    1.141  3.507  3.4826 -0.129    8  0.551  0.410   214.61   111.21    69.54    55.44    45.30  1 -2.24e-07      0.00 6.885e-01 2.963e-01 2.041e-03 1.556e-03 6.645e-03 -1.000 1.516e-02 -3.997 -1.226 1.681 -2.709
0.015 0.00898 9.60206 1.3538811207 2.5253374577    1.139  3.356  3.5041  0.107    8  0.551  0.410   136.05    72.61    46.28    36.67    29.93  1 -1.23e-07      0.00 6.885e-01 2.963e-01 2.041e-03 1.556e-03 6.645e-03 -1.000 1.516e-02 -3.621 -1.429 1.118 -2.840
0.015 0.00898 9.60206 1.3538815975 2.5253376961    1.137  3.169  3.5307  0.399    8  0.551  0.410    74.25    42.76    27.91    21.94    17.89  2 -5.77e-08      0.00 6.885e-01 2.963e-01 2.041e-03 1.556e-03 6.645e-03 -1.000 1.516e-02 -3.154 -1.738 0.041 -2.994
0.015 0.00898 9.60206 1.3538823128 2.5253376961    1.134  3.185  3.5283  0.373    8  0.552  0.410    78.35    44.81    29.18    22.96    18.72  2  -6.2e-08      0.00 6.885e-01 2.963e-01 2.041e-03 1.556e-03 6.645e-03 -1.000 1.516e-02 -3.192 -1.716 0.127 -2.988
0.015 0.00898 9.60206 1.3538832664 2.5253376961    1.129  3.285  3.5136  0.212    8  0.552  0.410   109.18    59.86    38.48    30.41    24.81  1 -9.46e-08      0.00 6.885e-01 2.963e-01 2.041e-03 1.556e-03 6.645e-03 -1.000 1.516e-02 -3.443 -1.541 0.743 -2.902
0.015 0.00898 9.60206 1.3538844585 2.5253379345    1.124  3.420  3.4937 -0.004    8  0.552  0.410   170.53    88.33    55.79    44.35    36.22  1 -1.65e-07      0.00 6.885e-01 2.963e-01 2.041e-03 1.556e-03 6.645e-03 -1.000 1.516e-02 -3.779 -1.272 1.508 -2.726
0.015 0.00898 9.60206 1.3538858891 2.5253379345    1.117  3.533  3.4767 -0.189    8  0.553  0.410   232.99   123.17    76.62    61.23    50.04  1 -2.63e-07      0.00 6.885e-01 2.963e-01 2.041e-03 1.556e-03 6.645e-03 -1.000 1.516e-02 -4.064 -1.184 1.761 -2.677
0.015 0.00898 9.60206 1.3538875580 2.5253381729    1.109  3.607  3.4654 -0.310    8  0.554  0.410   279.28   153.10    94.30    75.62    61.83  1 -3.59e-07      0.00 6.885e-01 2.963e-01 2.041e-03 1.556e-03 6.645e-03 -1.000 1.516e-02 -4.246 -1.188 1.829 -2.697
0.015 0.00898 9.60206 1.3538894653 2.5253384113    1.101  3.643  3.4593 -0.375    8  0.555  0.410   307.26   171.77   105.23    84.55    69.15  1 -5.42e-07      0.01 6.885e-01 2.963e-01 2.041e-03 1.556e-03 6.645e-03 -1.000 1.516e-02 -4.339 -1.187 1.879 -2.706
0.015 0.00898 9.60206 1.3538916111 2.5253386497    1.091  3.659  3.4562 -0.406    8  0.556  0.410   321.42   181.46   110.87    89.19    72.94  1 -6.58e-07      0.01 6.885e-01 2.963e-01 2.041e-03 1.556e-03 6.645e-03 -1.000 1.516e-02 -4.377 -1.182 1.921 -2.706
0.015 0.00898 9.60206 1.3538939953 2.5253388882    1.080  3.666  3.4543 -0.426    8  0.557  0.410   329.95   187.44   114.33    92.05    75.28  0 -7.37e-07      0.01 6.885e-01 2.963e-01 2.041e-03 1.556e-03 6.645e-03 -1.000 1.516e-02 -4.396 -1.173 1.952 -2.701
0.015 0.00898 9.60206 1.3538941145 2.5253388882    1.079  3.549  3.4719 -0.238    8  0.557  0.410   248.06   133.49    82.68    66.24    54.12  1 -3.08e-07      0.00 6.885e-01 2.963e-01 2.041e-03 1.556e-03 6.645e-03 -1.000 1.516e-02 -4.101 -1.140 1.834 -2.640
0.015 0.00898 9.60206 1.3538943529 2.5253388882    1.077  3.400  3.4938 -0.003    8  0.557  0.410   168.94    87.21    55.06    43.83    35.78  1 -1.73e-07      0.00 6.885e-01 2.963e-01 2.041e-03 1.556e-03 6.645e-03 -1.000 1.516e-02 -3.731 -1.226 1.553 -2.679
0.015 0.00898 9.60206 1.3538948298 2.5253388882    1.073  3.214  3.5214  0.292    8  0.557  0.410    91.53    51.13    33.06    26.12    21.29  2 -8.26e-08      0.00 6.885e-01 2.963e-01 2.041e-03 1.556e-03 6.645e-03 -1.000 1.516e-02 -3.265 -1.610 0.428 -2.925
0.015 0.00898 9.60206 1.3538955450 2.5253391266    1.067  3.229  3.5187  0.264    8  0.557  0.410    96.91    53.71    34.65    27.40    22.34  1 -8.92e-08      0.00 6.885e-01 2.963e-01 2.041e-03 1.556e-03 6.645e-03 -1.000 1.516e-02 -3.303 -1.571 0.547 -2.902
0.015 0.00898 9.60206 1.3538964987 2.5253391266    1.060  3.327  3.5036  0.103    8  0.558  0.410   135.24    71.74    45.67    36.28    29.60  1 -1.35e-07      0.00 6.885e-01 2.963e-01 2.041e-03 1.556e-03 6.645e-03 -1.000 1.516e-02 -3.547 -1.340 1.220 -2.753
0.015 0.00898 9.60206 1.3538975716 2.5253393650    1.051  3.456  3.4832 -0.112    8  0.558  0.410   202.79   105.54    66.02    52.76    43.08  1 -2.31e-07      0.00 6.885e-01 2.963e-01 2.041e-03 1.556e-03 6.645e-03 -1.000 1.516e-02 -3.871 -1.115 1.785 -2.596
0.015 0.00898 9.60206 1.3538990021 2.5253393650    1.040  3.566  3.4656 -0.296    8  0.559  0.410   267.69   146.96    90.55    72.74    59.44  1 -3.64e-07      0.00 6.885e-01 2.963e-01 2.041e-03 1.556e-03 6.645e-03 -1.000 1.516e-02 -4.145 -1.093 1.919 -2.601
0.015 0.00898 9.60206 1.3539006710 2.5253396034    1.028  3.636  3.4538 -0.419    8  0.560  0.410   321.56   182.91   111.57    89.95    73.53  0 -6.41e-07      0.01 6.885e-01 2.963e-01 2.041e-03 1.556e-03 6.645e-03 -1.000 1.516e-02 -4.321 -1.100 2.024 -2.628
0.015 0.00898 9.60206 1.3539024591 2.5253398418    1.013  3.672  3.4472 -0.487    8  0.561  0.410   355.15   206.05   124.97   100.99    82.57  0 -9.75e-07      0.02 6.885e-01 2.963e-01 2.041e-03 1.556e-03 6.645e-03 -1.000 1.516e-02 -4.409 -1.091 2.124 -2.633
0.015 0.00898 9.60206 1.3539046049 2.5253400803    0.998  3.686  3.4436 -0.523    8  0.562  0.410   373.41   219.01   132.42   107.17    87.63  0  -1.2e-06      0.04 6.885e-01 2.963e-01 2.041e-03 1.556e-03 6.645e-03 -1.000 1.516e-02 -4.446 -1.073 2.201 -2.624
0.015 0.00898 9.60206 1.3539068699 2.5253403187    0.980  3.694  3.4412 -0.547    8  0.563  0.410   374.33    -1.00    -1.00    -1.00    -1.00  0 -1.38e-06      0.04 6.885e-01 2.963e-01 2.041e-03 1.556e-03 6.645e-03 -1.000 1.516e-02 -4.464 -1.055 2.260 -2.611
0.015 0.00898 9.60206 1.3539069891 2.5253403187    0.979  3.589  3.4577 -0.377    8  0.563  0.410   296.73   167.50   102.46    82.65    67.53  0 -4.72e-07      0.01 6.885e-01 2.963e-01 2.041e-03 1.556e-03 6.645e-03 -1.000 1.516e-02 -4.202 -1.039 2.037 -2.559
0.015 0.00898 9.60206 1.3539072275 2.5253403187    0.975  3.443  3.4806 -0.142    8  0.563  0.410   206.52   109.27    68.14    54.63    44.58  1 -2.73e-07      0.00 6.885e-01 2.963e-01 2.041e-03 1.556e-03 6.645e-03 -1.000 1.516e-02 -3.837 -1.024 1.894 -2.510
0.015 0.00898 9.60206 1.3539077044 2.5253403187    0.968  3.258  3.5097  0.157    8  0.563  0.410   118.89    63.56    40.61    32.30    26.33  1 -1.34e-07      0.00 6.885e-01 2.963e-01 2.041e-03 1.556e-03 6.645e-03 -1.000 1.516e-02 -3.374 -1.345 1.065 -2.730
0.015 0.00898 9.60206 1.3539083004 2.5253403187    0.957  3.272  3.5069  0.126    8  0.564  0.410   126.54    67.01    42.70    34.01    27.72  1 -1.47e-07      0.00 6.885e-01 2.963e-01 2.041e-03 1.556e-03 6.645e-03 -1.000 1.516e-02 -3.411 -1.302 1.178 -2.700
0.015 0.00898 9.60206 1.3539091349 2.5253405571    0.944  3.367  3.4911 -0.037    8  0.564  0.410   173.93    89.75    56.42    45.16    36.83  1 -2.23e-07      0.00 6.885e-01 2.963e-01 2.041e-03 1.556e-03 6.645e-03 -1.000 1.516e-02 -3.647 -1.058 1.778 -2.523
0.015 0.00898 9.60206 1.3539102077 2.5253405571    0.928  3.492  3.4700 -0.254    8  0.565  0.410   240.98   132.24    81.66    65.78    53.69  1  -3.8e-07      0.00 6.885e-01 2.963e-01 2.041e-03 1.556e-03 6.645e-03 -1.000 1.516e-02 -3.959 -0.965 2.021 -2.468
0.015 0.00898 9.60206 1.3539115191 2.5253407955    0.909  3.597  3.4517 -0.442    8  0.565  0.410   318.85   184.61   112.25    90.93    74.26  0 -6.45e-07      0.01 6.885e-01 2.963e-01 2.041e-03 1.556e-03 6.645e-03 -1.000 1.516e-02 -4.222 -0.973 2.174 -2.505
0.015 0.00898 9.60206 1.3539130688 2.5253407955    0.887  3.664  3.4394 -0.568    8  0.566  0.410   312.35    -1.00    -1.00    -1.00    -1.00  0 -1.42e-06      0.05 6.885e-01 2.963e-01 2.041e-03 1.556e-03 6.645e-03 -1.000 1.516e-02 -4.390 -0.957 2.386 -2.518
0.015 0.00898 9.60206 1.3539147377 2.5253410339    0.863  3.697  3.4328 -0.640    8  0.567  0.410   297.01    -1.00    -1.00    -1.00    -1.00  0 -2.21e-06      0.10 6.885e-01 2.963e-01 2.041e-03 1.556e-03 6.645e-03 -1.000 1.516e-02 -4.474 -0.905 2.590 -2.487
0.015 0.00898 9.60206 1.3539167643 2.5253412724    0.836  3.711  3.4298 -0.680    8  0.568  0.410   280.60    -1.00    -1.00    -1.00    -1.00  0 -2.83e-06      0.15 6.885e-01 2.963e-01 2.041e-03 1.556e-03 6.645e-03 -1.000 1.516e-02 -4.509 -0.829 2.769 -2.426
0.015 0.00898 9.60206 1.3539189100 2.5253415108    0.807  3.718  3.4285 -0.707    8  0.569  0.410   263.38    -1.00    -1.00    -1.00    -1.00  0 -3.39e-06      0.33 6.885e-01 2.963e-01 2.041e-03 1.556e-03 6.645e-03 -1.000 1.516e-02 -4.525 -0.536 3.276 -2.176
0.015 0.00898 9.60206 1.3539283276 2.5253424644    0.573 -9.999  4.0000  1.582    9  0.573  0.000     0.00     0.00     0.00     0.00     0.00 -1    -1e-30      0.00 6.885e-01 2.963e-01 2.041e-03 1.556e-03 6.645e-03 -1.000 1.516e-02 29.767 29.981 29.970 29.987
#isochrone terminated
