# File generated by CMD 3.6 (http://stev.oapd.inaf.it/cmd) on Wed Dec  1 14:11:06 CET 2021
# isochrones based on PARSEC release v1.2S +  COLIBRI S_37 + S_35 + PR16
# Basic references: Bressan et al. (2012), MNRAS, 427, 127 + Chen et al. (2014, 2015), MNRAS, 444, 2525 + MNRAS, 452, 1068 + Tang et al. (2014), MNRAS, 445, 4287 + Marigo et al. (2017), ApJ, 835, 77 + Pastorelli al. (2019), MNRAS, 485, 5666 + Pastorelli al. (2020), MNRAS, in press
# Thermal pulse cycles included 
# On RGB, assumed Reimers mass loss with efficiency eta=0.2
# LPV periods and growth rates added cf. Trabucchi et al. (2019)
# but fundamental-mode LPV periods are from Trabucchi et al. (2021)
# Photometric system: Gaia EDR3 (all Vegamags, Gaia passbands from ESA/Gaia website)
# Using YBC version of bolometric corrections as in Chen et al. (2019)
# O-rich circumstellar dpmod60alox40 dust from Groenewegen (2006)
# C-rich circumstellar AMCSIC15 dust from Groenewegen (2006)
# IMF: Kroupa (2001, 2002) + Kroupa et al. (2013) canonical two-part-power law IMF corrected for unresolved binaries 
# Kind of output: isochrone tables
# Zini     MH   logAge Mini        int_IMF         Mass   logL    logTe  logg  label   McoreTP C_O  period0  period1  period2  period3  period4  pmode  Mloss  tau1m   X   Y   Xc  Xn  Xo  Cexcess  Z 	 mbolmag  Gmag    G_BPmag  G_RPmag
0.005 -0.48482 10.20000 0.0900000036 1.0816895962    0.090 -3.326  3.4050  5.290    1  0.000  0.545     0.00     0.00     0.00     0.00     0.00 -1    -1e-30      0.00 7.349e-01 2.600e-01 9.173e-04 2.474e-04 2.244e-03 -1.000 5.101e-03 13.084 14.823 17.834 13.352
0.005 -0.48482 10.20000 0.1000000015 1.1711064577    0.100 -3.117  3.4349  5.246    1  0.000  0.545     0.00     0.00     0.00     0.00     0.00 -1 -4.01e-20      0.00 7.338e-01 2.611e-01 9.173e-04 2.474e-04 2.244e-03 -1.000 5.101e-03 12.562 14.119 16.749 12.699
0.005 -0.48482 10.20000 0.1199999973 1.3193154335    0.120 -2.849  3.4671  5.187    1  0.000  0.545     0.00     0.00     0.00     0.00     0.00 -1 -5.48e-30      0.00 7.320e-01 2.629e-01 9.173e-04 2.474e-04 2.244e-03 -1.000 5.101e-03 11.893 13.131 15.165 11.813
0.005 -0.48482 10.20000 0.1400000006 1.4384527206    0.140 -2.663  3.4866  5.145    1  0.000  0.545     0.00     0.00     0.00     0.00     0.00 -1 -3.03e-28      0.00 7.303e-01 2.646e-01 9.173e-04 2.474e-04 2.244e-03 -1.000 5.101e-03 11.428 12.479 14.193 11.233
0.005 -0.48482 10.20000 0.1599999964 1.5372931957    0.160 -2.518  3.4998  5.111    1  0.000  0.545     0.00     0.00     0.00     0.00     0.00 -1    -1e-30      0.00 7.290e-01 2.659e-01 9.173e-04 2.475e-04 2.244e-03 -1.000 5.101e-03 11.065 11.999 13.530 10.803
0.005 -0.48482 10.20000 0.1999999881 1.6938791275    0.200 -2.290  3.5176  5.052    1  0.000  0.545     0.00     0.00     0.00     0.00     0.00 -1 -1.74e-24      0.00 7.271e-01 2.678e-01 9.173e-04 2.475e-04 2.244e-03 -1.000 5.101e-03 10.496 11.286 12.614 10.156
0.005 -0.48482 10.20000 0.2500000000 1.8403258324    0.250 -2.077  3.5315  4.992    1  0.000  0.545     0.00     0.00     0.00     0.00     0.00 -1 -1.06e-24      0.00 7.265e-01 2.684e-01 9.172e-04 2.475e-04 2.244e-03 -1.000 5.101e-03 9.964 10.658 11.863 9.574
0.005 -0.48482 10.20000 0.3000000119 1.9529139996    0.300 -1.916  3.5411  4.947    1  0.000  0.545     0.00     0.00     0.00     0.00     0.00 -1 -2.36e-23      0.00 7.266e-01 2.683e-01 9.172e-04 2.475e-04 2.244e-03 -1.000 5.101e-03 9.559 10.195 11.332 9.140
0.005 -0.48482 10.20000 0.3499999642 2.0434174538    0.350 -1.776  3.5494  4.908    1  0.000  0.545     0.00     0.00     0.00     0.00     0.00 -1 -1.88e-24      0.00 7.368e-01 2.581e-01 9.173e-04 2.474e-04 2.244e-03 -1.000 5.101e-03 9.210 9.798 10.879 8.767
0.005 -0.48482 10.20000 0.3999999762 2.1185023785    0.400 -1.620  3.5613  4.857    1  0.000  0.545     0.00     0.00     0.00     0.00     0.00 -1 -1.86e-24      0.00 7.371e-01 2.578e-01 9.173e-04 2.474e-04 2.244e-03 -1.000 5.101e-03 8.821 9.344 10.353 8.348
0.005 -0.48482 10.20000 0.4410431087 2.1715531349    0.441 -1.477  3.5741  4.808    1  0.000  0.545     0.00     0.00     0.00     0.00     0.00 -1 -1.43e-29      0.00 7.371e-01 2.578e-01 9.173e-04 2.474e-04 2.244e-03 -1.000 5.101e-03 8.463 8.920 9.859 7.960
0.005 -0.48482 10.20000 0.4499999881 2.1822810173    0.450 -1.448  3.5767  4.798    1  0.000  0.545     0.00     0.00     0.00     0.00     0.00 -1 -1.59e-30      0.00 7.371e-01 2.578e-01 9.173e-04 2.474e-04 2.244e-03 -1.000 5.101e-03 8.389 8.833 9.760 7.881
0.005 -0.48482 10.20000 0.4876358509 2.2244997025    0.488 -1.303  3.5930  4.753    1  0.000  0.545     0.00     0.00     0.00     0.00     0.00 -1 -2.64e-28      0.00 7.371e-01 2.578e-01 9.173e-04 2.474e-04 2.244e-03 -1.000 5.101e-03 8.028 8.399 9.251 7.488
0.005 -0.48482 10.20000 0.4999999404 2.2374541759    0.500 -1.258  3.5981  4.739    1  0.000  0.545     0.00     0.00     0.00     0.00     0.00 -1  -1.2e-27      0.00 7.371e-01 2.578e-01 9.173e-04 2.474e-04 2.244e-03 -1.000 5.101e-03 7.915 8.266 9.098 7.368
0.005 -0.48482 10.20000 0.5038977265 2.2414364815    0.504 -1.240  3.6006  4.734    1  0.000  0.545     0.00     0.00     0.00     0.00     0.00 -1 -9.65e-28      0.00 7.405e-01 2.545e-01 9.065e-04 2.445e-04 2.218e-03 -1.000 5.042e-03 7.869 8.211 9.032 7.318
0.005 -0.48482 10.20000 0.5500000119 2.2836582661    0.550 -1.034  3.6285  4.678    1  0.000  0.544     0.00     0.00     0.00     0.00     0.00 -1 -3.68e-29      0.00 7.777e-01 2.179e-01 7.869e-04 2.125e-04 1.929e-03 -1.000 4.399e-03 7.356 7.597 8.308 6.774
0.005 -0.48482 10.20000 0.5536392927 2.2866487503    0.553 -1.018  3.6312  4.676    1  0.000  0.544     0.00     0.00     0.00     0.00     0.00 -1 -1.44e-29      0.00 7.781e-01 2.175e-01 7.856e-04 2.121e-04 1.925e-03 -1.000 4.390e-03 7.315 7.547 8.248 6.732
0.005 -0.48482 10.20000 0.5999999642 2.3211214542    0.600 -0.821  3.6635  4.643    1  0.000  0.544     0.00     0.00     0.00     0.00     0.00 -1    -1e-30      0.00 7.838e-01 2.120e-01 7.692e-04 2.078e-04 1.887e-03 -1.000 4.278e-03 6.823 6.927 7.495 6.207
0.005 -0.48482 10.20000 0.6499999166 2.3520352840    0.650 -0.603  3.6990  4.602    1  0.000  0.543     0.00     0.00     0.00     0.00     0.00 -1    -1e-30      0.00 7.898e-01 2.060e-01 7.512e-04 2.030e-04 1.844e-03 -1.000 4.167e-03 6.278 6.273 6.733 5.644
0.005 -0.48482 10.20000 0.6559371352 2.3553481102    0.656 -0.578  3.7028  4.596    1  0.000  0.543     0.00     0.00     0.00     0.00     0.00 -1 -1.04e-28      0.00 7.907e-01 2.051e-01 7.484e-04 2.023e-04 1.837e-03 -1.000 4.146e-03 6.214 6.200 6.649 5.580
0.005 -0.48482 10.20000 0.6659252048 2.3607678413    0.666 -0.534  3.7092  4.584    1  0.000  0.543     0.00     0.00     0.00     0.00     0.00 -1 -2.38e-25      0.00 7.922e-01 2.036e-01 7.438e-04 2.011e-04 1.826e-03 -1.000 4.145e-03 6.104 6.077 6.509 5.471
0.005 -0.48482 10.20000 0.6776744127 2.3669085503    0.677 -0.481  3.7165  4.568    1  0.000  0.543     0.00     0.00     0.00     0.00     0.00 -1 -3.74e-23      0.00 7.940e-01 2.019e-01 7.382e-04 1.996e-04 1.813e-03 -1.000 4.117e-03 5.973 5.932 6.347 5.344
0.005 -0.48482 10.20000 0.6892988086 2.3727478981    0.689 -0.429  3.7236  4.552    1  0.000  0.543     0.00     0.00     0.00     0.00     0.00 -1 -7.77e-25      0.00 7.957e-01 2.002e-01 7.327e-04 1.981e-04 1.800e-03 -1.000 4.081e-03 5.842 5.789 6.187 5.216
0.005 -0.48482 10.20000 0.6998763084 2.3778679371    0.700 -0.380  3.7300  4.535    1  0.000  0.543     0.00     0.00     0.00     0.00     0.00 -1 -7.93e-29      0.00 7.974e-01 1.986e-01 7.277e-04 1.968e-04 1.788e-03 -1.000 4.029e-03 5.720 5.657 6.042 5.098
0.005 -0.48482 10.20000 0.6999999881 2.3779268265    0.700 -0.379  3.7301  4.534    1  0.000  0.542     0.00     0.00     0.00     0.00     0.00 -1 -4.06e-26      0.00 7.974e-01 1.986e-01 7.277e-04 1.968e-04 1.788e-03 -1.000 4.065e-03 5.718 5.656 6.040 5.097
0.005 -0.48482 10.20000 0.7006529570 2.3782370090    0.700 -0.376  3.7304  4.533    1  0.000  0.542     0.00     0.00     0.00     0.00     0.00 -1 -4.08e-26      0.00 7.975e-01 1.985e-01 7.272e-04 1.967e-04 1.788e-03 -1.000 4.064e-03 5.711 5.648 6.031 5.089
0.005 -0.48482 10.20000 0.7126821280 2.3838334084    0.712 -0.318  3.7374  4.511    1  0.000  0.540     0.00     0.00     0.00     0.00     0.00 -1 -2.19e-26      0.00 7.996e-01 1.964e-01 7.185e-04 1.950e-04 1.773e-03 -1.000 4.048e-03 5.566 5.495 5.863 4.951
0.005 -0.48482 10.20000 0.7233667374 2.3886251450    0.723 -0.265  3.7433  4.488    1  0.000  0.539     0.00     0.00     0.00     0.00     0.00 -1 -2.28e-24      0.00 8.014e-01 1.946e-01 7.110e-04 1.935e-04 1.760e-03 -1.000 4.017e-03 5.433 5.356 5.712 4.825
0.005 -0.48482 10.20000 0.7334817052 2.3930139542    0.733 -0.213  3.7487  4.463    1  0.000  0.537     0.00     0.00     0.00     0.00     0.00 -1 -1.01e-25      0.00 8.032e-01 1.928e-01 7.041e-04 1.921e-04 1.748e-03 -1.000 4.002e-03 5.302 5.221 5.565 4.702
0.005 -0.48482 10.20000 0.7427292466 2.3969061375    0.742 -0.163  3.7534  4.437    1  0.000  0.536     0.00     0.00     0.00     0.00     0.00 -1 -2.56e-25      0.00 8.047e-01 1.913e-01 6.978e-04 1.908e-04 1.737e-03 -1.000 3.956e-03 5.177 5.092 5.427 4.584
0.005 -0.48482 10.20000 0.7489780188 2.3994736671    0.748 -0.128  3.7564  4.418    1  0.000  0.535     0.00     0.00     0.00     0.00     0.00 -1 -6.81e-27      0.00 8.058e-01 1.903e-01 6.937e-04 1.900e-04 1.730e-03 -1.000 3.942e-03 5.089 5.003 5.331 4.501
0.005 -0.48482 10.20000 0.7490066886 2.3994853497    0.749 -0.128  3.7564  4.418    1  0.000  0.535     0.00     0.00     0.00     0.00     0.00 -1 -6.76e-27      0.00 8.058e-01 1.903e-01 6.936e-04 1.900e-04 1.730e-03 -1.000 3.942e-03 5.089 5.003 5.331 4.501
0.005 -0.48482 10.20000 0.7578904629 2.4030518532    0.757 -0.075  3.7600  4.385    1  0.000  0.534     0.00     0.00     0.00     0.00     0.00 -1  -1.1e-27      0.00 8.078e-01 1.883e-01 6.878e-04 1.884e-04 1.716e-03 -1.000 3.893e-03 4.958 4.870 5.191 4.376
0.005 -0.48482 10.20000 0.7664503455 2.4063982964    0.766 -0.023  3.7630  4.349    1  0.000  0.534     0.00     0.00     0.00     0.00     0.00 -1  -8.8e-25      0.00 8.097e-01 1.864e-01 6.822e-04 1.869e-04 1.703e-03 -1.000 3.890e-03 4.827 4.738 5.053 4.251
0.005 -0.48482 10.20000 0.7747381330 2.4095575809    0.774  0.030  3.7652  4.309    1  0.000  0.534     0.00     0.00     0.00     0.00     0.00 -1 -5.54e-22      0.00 8.105e-01 1.856e-01 6.799e-04 1.863e-04 1.697e-03 -1.000 3.857e-03 4.694 4.604 4.914 4.122
0.005 -0.48482 10.20000 0.7793980837 2.4112999439    0.779  0.061  3.7662  4.285    1  0.000  0.534     0.00     0.00     0.00     0.00     0.00 -1 -2.55e-26      0.00 8.105e-01 1.856e-01 6.801e-04 1.864e-04 1.698e-03 -1.000 3.859e-03 4.617 4.526 4.834 4.047
0.005 -0.48482 10.20000 0.7853907943 2.4135057926    0.785  0.105  3.7666  4.246    1  0.000  0.534     0.00     0.00     0.00     0.00     0.00 -1 -1.88e-25      0.00 8.098e-01 1.863e-01 6.829e-04 1.871e-04 1.705e-03 -1.000 3.907e-03 4.508 4.417 4.724 3.939
0.005 -0.48482 10.20000 0.7930333018 2.4162635803    0.792  0.165  3.7655  4.186    1  0.000  0.534     0.00     0.00     0.00     0.00     0.00 -1 -2.38e-24      0.00 8.075e-01 1.886e-01 6.922e-04 1.897e-04 1.729e-03 -1.000 3.927e-03 4.358 4.268 4.576 3.788
0.005 -0.48482 10.20000 0.7968575954 2.4176206589    0.796  0.197  3.7643  4.151    1  0.000  0.534     0.00     0.00     0.00     0.00     0.00 -1 -8.45e-24      0.00 8.058e-01 1.903e-01 6.991e-04 1.916e-04 1.746e-03 -1.000 3.938e-03 4.279 4.189 4.499 3.707
0.005 -0.48482 10.20000 0.7979561090 2.4180076122    0.797  0.206  3.7635  4.139    1  0.000  0.534     0.00     0.00     0.00     0.00     0.00 -1 -1.22e-23      0.00 8.044e-01 1.916e-01 7.039e-04 1.930e-04 1.758e-03 -1.000 3.972e-03 4.254 4.165 4.477 3.682
0.005 -0.48482 10.20000 0.7997558117 2.4186391830    0.799  0.223  3.7620  4.117    2  0.000  0.534     0.00     0.00     0.00     0.00     0.00 -1 -3.06e-23      0.00 8.018e-01 1.941e-01 7.133e-04 1.955e-04 1.782e-03 -1.000 4.041e-03 4.212 4.124 4.438 3.638
0.005 -0.48482 10.20000 0.8042200804 2.4201915264    0.803  0.267  3.7554  4.050    2  0.000  0.534     0.00     0.00     0.00     0.00     0.00 -1 -1.05e-26      0.00 7.903e-01 2.054e-01 7.520e-04 2.061e-04 1.878e-03 -1.000 4.302e-03 4.103 4.020 4.346 3.520
0.005 -0.48482 10.20000 0.8071280718 2.4211921692    0.806  0.297  3.7466  3.986    2  0.000  0.535     0.00     0.00     0.00     0.00     0.00 -1 -1.43e-27      0.00 7.792e-01 2.163e-01 7.854e-04 2.151e-04 1.959e-03 -1.000 4.471e-03 4.029 3.952 4.296 3.434
0.005 -0.48482 10.20000 0.8089550138 2.4218165874    0.808  0.318  3.7376  3.930    2  0.000  0.535     0.00     0.00     0.00     0.00     0.00 -1 -6.13e-27      0.00 7.714e-01 2.241e-01 8.073e-04 2.210e-04 2.011e-03 -1.000 4.568e-03 3.976 3.909 4.271 3.372
0.005 -0.48482 10.20000 0.8105026484 2.4223427773    0.809  0.343  3.7279  3.867    2  0.000  0.536     0.00     0.00     0.00     0.00     0.00 -1 -2.13e-26      0.00 7.648e-01 2.305e-01 8.252e-04 2.257e-04 2.053e-03 -1.000 4.672e-03 3.913 3.859 4.240 3.302
0.005 -0.48482 10.20000 0.8116692901 2.4227380753    0.810  0.374  3.7206  3.807    2  0.000  0.536     0.00     0.00     0.00     0.00     0.00 -1 -5.53e-26      0.00 7.602e-01 2.351e-01 8.375e-04 2.290e-04 2.083e-03 -1.000 4.745e-03 3.834 3.792 4.188 3.220
0.005 -0.48482 10.20000 0.8125987649 2.4230520725    0.811  0.411  3.7156  3.751    2  0.000  0.536     0.00     0.00     0.00     0.00     0.00 -1  -1.2e-25      0.00 7.566e-01 2.386e-01 8.462e-04 2.314e-04 2.103e-03 -1.000 4.799e-03 3.744 3.711 4.117 3.129
0.005 -0.48482 10.20000 0.8130688667 2.4232106209    0.812  0.432  3.7134  3.721    2  0.000  0.537     0.00     0.00     0.00     0.00     0.00 -1 -1.79e-25      0.00 7.548e-01 2.403e-01 8.502e-04 2.324e-04 2.113e-03 -1.000 4.843e-03 3.689 3.660 4.071 3.074
0.005 -0.48482 10.20000 0.8133702278 2.4233121872    0.812  0.449  3.7123  3.700    3  0.000  0.537     0.00     0.00     0.00     0.00     0.00 -1 -2.32e-25      0.00 7.537e-01 2.415e-01 8.526e-04 2.330e-04 2.118e-03 -1.000 4.846e-03 3.647 3.621 4.034 3.032
0.005 -0.48482 10.20000 0.8141595125 2.4235775471    0.813  0.496  3.7097  3.643    3  0.000  0.537     0.00     0.00     0.00     0.00     0.00 -1 -4.57e-25      0.00 7.508e-01 2.444e-01 8.580e-04 2.345e-04 2.131e-03 -1.000 4.865e-03 3.530 3.508 3.927 2.914
0.005 -0.48482 10.20000 0.8149104714 2.4238295555    0.814  0.546  3.7077  3.585    3  0.000  0.537     0.00     0.00     0.00     0.00     0.00 -1  -8.8e-25      0.00 7.480e-01 2.472e-01 8.624e-04 2.358e-04 2.142e-03 -1.000 4.863e-03 3.404 3.387 3.810 2.790
0.005 -0.48482 10.20000 0.8156841993 2.4240887165    0.814  0.604  3.7060  3.520    3  0.000  0.537     0.00     0.00     0.00     0.00     0.00 -1 -1.75e-24      0.00 7.450e-01 2.501e-01 8.661e-04 2.369e-04 2.152e-03 -1.000 4.894e-03 3.259 3.246 3.673 2.645
0.005 -0.48482 10.20000 0.8161880374 2.4242570400    0.815  0.646  3.7049  3.475    3  0.000  0.536     0.00     0.00     0.00     0.00     0.00 -1 -2.76e-24      0.00 7.431e-01 2.520e-01 8.672e-04 2.377e-04 2.157e-03 -1.000 4.901e-03 3.156 3.146 3.574 2.543
0.005 -0.48482 10.20000 0.8167319894 2.4244384766    0.815  0.694  3.7038  3.423    3  0.000  0.535     0.00     0.00     0.00     0.00     0.00 -1 -4.55e-24      0.00 7.409e-01 2.542e-01 8.671e-04 2.390e-04 2.163e-03 -1.000 4.926e-03 3.036 3.028 3.459 2.423
0.005 -0.48482 10.20000 0.8171904087 2.4245913029    0.816  0.737  3.7029  3.376    3  0.000  0.533     0.00     0.00     0.00     0.00     0.00 -1 -6.97e-24      0.00 7.390e-01 2.561e-01 8.657e-04 2.409e-04 2.166e-03 -1.000 4.935e-03 2.928 2.922 3.355 2.315
0.005 -0.48482 10.20000 0.8176234365 2.4247353077    0.816  0.781  3.7018  3.328    3  0.000  0.530     0.00     0.00     0.00     0.00     0.00 -1 -1.05e-23      0.00 7.373e-01 2.578e-01 8.625e-04 2.440e-04 2.169e-03 -1.000 4.929e-03 2.817 2.814 3.249 2.205
0.005 -0.48482 10.20000 0.8180339336 2.4248719215    0.817  0.827  3.7007  3.278    3  0.000  0.527     0.00     0.00     0.00     0.00     0.00 -1 -1.56e-23      0.00 7.358e-01 2.593e-01 8.584e-04 2.481e-04 2.172e-03 -1.000 4.938e-03 2.703 2.703 3.140 2.091
0.005 -0.48482 10.20000 0.8183931112 2.4249911308    0.817  0.870  3.6996  3.231    3  0.000  0.524     0.00     0.00     0.00     0.00     0.00 -1 -2.22e-23      0.00 7.346e-01 2.604e-01 8.542e-04 2.528e-04 2.174e-03 -1.000 4.929e-03 2.596 2.598 3.037 1.984
0.005 -0.48482 10.20000 0.8187297583 2.4251029491    0.817  0.913  3.6984  3.183    3  0.000  0.521     0.00     0.00     0.00     0.00     0.00 -1 -3.11e-23      0.00 7.336e-01 2.614e-01 8.496e-04 2.578e-04 2.175e-03 -1.000 4.943e-03 2.487 2.492 2.934 1.876
0.005 -0.48482 10.20000 0.8190219998 2.4251997471    0.817  0.954  3.6973  3.137    3  0.000  0.518     0.00     0.00     0.00     0.00     0.00 -1  -4.2e-23      0.00 7.328e-01 2.623e-01 8.456e-04 2.626e-04 2.176e-03 -1.000 4.960e-03 2.384 2.392 2.837 1.774
0.005 -0.48482 10.20000 0.8193159103 2.4252970219    0.818  0.999  3.6959  3.087    3  0.000  0.515     0.00     0.00     0.00     0.00     0.00 -1 -5.71e-23      0.00 7.320e-01 2.630e-01 8.416e-04 2.674e-04 2.178e-03 -1.000 4.955e-03 2.272 2.284 2.732 1.663
0.005 -0.48482 10.20000 0.8195686936 2.4253807068    0.818  1.041  3.6946  3.040    3  0.000  0.514     0.00     0.00     0.00     0.00     0.00 -1 -7.49e-23      0.00 7.316e-01 2.634e-01 8.391e-04 2.705e-04 2.178e-03 -1.000 4.974e-03 2.168 2.183 2.635 1.559
0.005 -0.48482 10.20000 0.8197908401 2.4254541397    0.818  1.080  3.6932  2.995    3  0.000  0.512     0.00     0.00     0.00     0.00     0.00 -1 -9.56e-23      0.00 7.312e-01 2.638e-01 8.372e-04 2.729e-04 2.179e-03 -1.000 4.959e-03 2.069 2.088 2.543 1.460
0.005 -0.48482 10.20000 0.8199978471 2.4255225658    0.818  1.120  3.6918  2.950    3  0.000  0.511     0.00     0.00     0.00     0.00     0.00 -1 -1.21e-22      0.00 7.310e-01 2.640e-01 8.359e-04 2.745e-04 2.179e-03 -1.000 4.946e-03 1.969 1.992 2.450 1.361
0.005 -0.48482 10.20000 0.8201887608 2.4255857468    0.818  1.160  3.6903  2.904    3  0.000  0.511     0.00     0.00     0.00     0.00     0.00 -1  -1.5e-22      0.00 7.310e-01 2.641e-01 8.354e-04 2.751e-04 2.179e-03 -1.000 4.943e-03 1.870 1.896 2.358 1.262
0.005 -0.48482 10.20000 0.8203680515 2.4256448746    0.819  1.200  3.6888  2.858    3  0.000  0.511     0.00     0.00     0.00     0.00     0.00 -1 -1.86e-22      0.00 7.308e-01 2.642e-01 8.348e-04 2.759e-04 2.180e-03 -1.000 4.946e-03 1.770 1.801 2.267 1.163
0.005 -0.48482 10.20000 0.8205746412 2.4257130623    0.819  1.250  3.6867  2.800    3  0.000  0.511     0.00     0.00     0.00     0.00     0.00 -1 -2.39e-22      0.00 7.308e-01 2.642e-01 8.346e-04 2.762e-04 2.180e-03 -1.000 4.946e-03 1.645 1.682 2.153 1.040
0.005 -0.48482 10.20000 0.8207214475 2.4257614613    0.819  1.289  3.6851  2.755    3  0.000  0.511     0.00     0.00     0.00     0.00     0.00 -1 -2.88e-22      0.00 7.308e-01 2.643e-01 8.346e-04 2.762e-04 2.180e-03 -1.000 4.946e-03 1.548 1.589 2.064 0.944
0.005 -0.48482 10.20000 0.8208559155 2.4258058071    0.819  1.327  3.6834  2.710    3  0.000  0.510     0.00     0.00     0.00     0.00     0.00 -1 -3.43e-22      0.00 7.308e-01 2.643e-01 8.345e-04 2.763e-04 2.180e-03 -1.000 4.946e-03 1.452 1.499 1.978 0.849
0.005 -0.48482 10.20000 0.8210075498 2.4258556366    0.819  1.373  3.6813  2.655    3  0.000  0.510     0.00     0.00     0.00     0.00     0.00 -1  -4.2e-22      0.00 7.308e-01 2.643e-01 8.344e-04 2.764e-04 2.180e-03 -1.000 4.946e-03 1.337 1.389 1.874 0.735
0.005 -0.48482 10.20000 0.8211513162 2.4259030819    0.819  1.421  3.6791  2.599    3  0.000  0.510     0.00     0.00     0.00     0.00     0.00 -1 -5.13e-22      0.00 7.308e-01 2.643e-01 8.344e-04 2.765e-04 2.180e-03 -1.000 4.946e-03 1.218 1.277 1.767 0.618
0.005 -0.48482 10.20000 0.8212780952 2.4259448051    0.819  1.466  3.6769  2.545    3  0.000  0.510     0.00     0.00     0.00     0.00     0.00 -1 -6.14e-22      0.00 7.308e-01 2.643e-01 8.343e-04 2.766e-04 2.180e-03 -1.000 4.946e-03 1.105 1.171 1.667 0.507
0.005 -0.48482 10.20000 0.8213937879 2.4259829521    0.819  1.510  3.6748  2.493    3  0.000  0.510     0.00     0.00     0.00     0.00     0.00 -1 -7.28e-22      0.00 7.307e-01 2.643e-01 8.343e-04 2.767e-04 2.180e-03 -1.000 4.946e-03 0.996 1.069 1.570 0.401
0.005 -0.48482 10.20000 0.8215070963 2.4260201454    0.819  1.551  3.6727  2.443    3  0.000  0.510     0.00     0.00     0.00     0.00     0.00 -1 -8.55e-22      0.00 7.307e-01 2.643e-01 8.342e-04 2.768e-04 2.180e-03 -1.000 4.946e-03 0.892 0.971 1.479 0.298
0.005 -0.48482 10.20000 0.8216526508 2.4260680676    0.819  1.591  3.6708  2.395    3  0.000  0.510     0.00     0.00     0.00     0.00     0.00 -1 -1.04e-21      0.00 7.307e-01 2.643e-01 8.342e-04 2.769e-04 2.180e-03 -1.000 4.946e-03 0.792 0.877 1.391 0.199
0.005 -0.48482 10.20000 0.8216939569 2.4260816574    0.819  1.601  3.6703  2.384    3  0.000  0.510     0.00     0.00     0.00     0.00     0.00 -1 -1.09e-21      0.00 7.307e-01 2.643e-01 8.341e-04 2.769e-04 2.180e-03 -1.000 4.946e-03 0.767 0.854 1.369 0.174
0.005 -0.48482 10.20000 0.8217873573 2.4261124134    0.819  1.577  3.6721  2.414    3  0.000  0.510     0.00     0.00     0.00     0.00     0.00 -1 -1.14e-21      0.00 7.307e-01 2.643e-01 8.341e-04 2.770e-04 2.180e-03 -1.000 4.946e-03 0.826 0.907 1.417 0.232
0.005 -0.48482 10.20000 0.8218267560 2.4261252880    0.819  1.566  3.6730  2.429    3  0.000  0.510     0.00     0.00     0.00     0.00     0.00 -1 -1.16e-21      0.00 7.307e-01 2.643e-01 8.341e-04 2.770e-04 2.180e-03 -1.000 4.946e-03 0.854 0.932 1.440 0.259
0.005 -0.48482 10.20000 0.8218473196 2.4261322021    0.819  1.577  3.6724  2.416    3  0.000  0.510     0.00     0.00     0.00     0.00     0.00 -1  -1.2e-21      0.00 7.307e-01 2.643e-01 8.341e-04 2.770e-04 2.180e-03 -1.000 4.946e-03 0.829 0.909 1.418 0.234
0.005 -0.48482 10.20000 0.8219363689 2.4261612892    0.819  1.623  3.6699  2.360    3  0.000  0.510     0.00     0.00     0.00     0.00     0.00 -1 -1.39e-21      0.00 7.307e-01 2.644e-01 8.340e-04 2.770e-04 2.180e-03 -1.000 4.946e-03 0.713 0.800 1.317 0.120
0.005 -0.48482 10.20000 0.8220221400 2.4261894226    0.819  1.670  3.6672  2.302    3  0.000  0.510     0.00     0.00     0.00     0.00     0.00 -1 -1.62e-21      0.00 7.307e-01 2.644e-01 8.340e-04 2.771e-04 2.180e-03 -1.000 4.946e-03 0.594 0.691 1.216 0.003
0.005 -0.48482 10.20000 0.8221004605 2.4262151718    0.819  1.717  3.6646  2.245    3  0.000  0.510     0.00     0.00     0.00     0.00     0.00 -1 -1.89e-21      0.00 7.307e-01 2.644e-01 8.340e-04 2.772e-04 2.180e-03 -1.000 4.946e-03 0.478 0.583 1.117 -0.111
0.005 -0.48482 10.20000 0.8221711516 2.4262385368    0.819  1.762  3.6619  2.189    3  0.000  0.510     0.00     0.00     0.00     0.00     0.00 -1 -2.17e-21      0.00 7.307e-01 2.644e-01 8.339e-04 2.772e-04 2.180e-03 -1.000 4.946e-03 0.364 0.479 1.021 -0.222
0.005 -0.48482 10.20000 0.8222365975 2.4262599945    0.819  1.808  3.6592  2.132    3  0.000  0.510     0.00     0.00     0.00     0.00     0.00 -1 -2.49e-21      0.00 7.307e-01 2.644e-01 8.339e-04 2.772e-04 2.180e-03 -1.000 4.946e-03 0.250 0.375 0.925 -0.333
0.005 -0.48482 10.20000 0.8222963214 2.4262795448    0.819  1.853  3.6564  2.076    3  0.000  0.510     0.00     0.00     0.00     0.00     0.00 -1 -2.85e-21      0.00 7.307e-01 2.644e-01 8.339e-04 2.773e-04 2.181e-03 -1.000 4.946e-03 0.138 0.273 0.832 -0.442
0.005 -0.48482 10.20000 0.8223512769 2.4262976646    0.819  1.898  3.6537  2.020    3  0.000  0.510     0.00     0.00     0.00     0.00     0.00 -1 -3.24e-21      0.00 7.307e-01 2.644e-01 8.339e-04 2.773e-04 2.181e-03 -1.000 4.946e-03 0.025 0.171 0.740 -0.551
0.005 -0.48482 10.20000 0.8224000335 2.4263136387    0.819  1.941  3.6509  1.966    3  0.000  0.510     0.00     0.00     0.00     0.00     0.00 -1 -3.65e-21      0.00 7.307e-01 2.644e-01 8.338e-04 2.774e-04 2.181e-03 -1.000 4.946e-03 -0.083 0.073 0.651 -0.656
0.005 -0.48482 10.20000 0.8224457502 2.4263286591    0.818  1.985  3.6482  1.911    3  0.000  0.510     0.00     0.00     0.00     0.00     0.00 -1 -4.11e-21      0.00 7.307e-01 2.644e-01 8.338e-04 2.774e-04 2.181e-03 -1.000 4.946e-03 -0.192 -0.025 0.563 -0.761
0.005 -0.48482 10.20000 0.8224874139 2.4263422489    0.818  2.028  3.6453  1.856    3  0.000  0.510     0.00     0.00     0.00     0.00     0.00 -1 -4.61e-21      0.00 7.307e-01 2.644e-01 8.338e-04 2.774e-04 2.181e-03 -1.000 4.946e-03 -0.300 -0.120 0.477 -0.863
0.005 -0.48482 10.20000 0.8225259185 2.4263548851    0.818  2.071  3.6425  1.802    3  0.000  0.510     0.00     0.00     0.00     0.00     0.00 -1 -5.16e-21      0.00 7.307e-01 2.644e-01 8.338e-04 2.774e-04 2.181e-03 -1.000 4.946e-03 -0.408 -0.216 0.391 -0.966
0.005 -0.48482 10.20000 0.8225612044 2.4263665676    0.818  2.114  3.6396  1.747    3  0.000  0.510     0.00     0.00     0.00     0.00     0.00 -1 -5.75e-21      0.00 7.306e-01 2.644e-01 8.338e-04 2.775e-04 2.181e-03 -1.000 4.946e-03 -0.516 -0.311 0.306 -1.068
0.005 -0.48482 10.20000 0.8225923777 2.4263768196    0.818  2.155  3.6368  1.694    3  0.000  0.510     0.00     0.00     0.00     0.00     0.00 -1 -6.37e-21      0.00 7.306e-01 2.644e-01 8.338e-04 2.775e-04 2.181e-03 -1.000 4.946e-03 -0.618 -0.399 0.227 -1.163
0.005 -0.48482 10.20000 0.8226222992 2.4263865948    0.817  2.198  3.6339  1.640    3  0.000  0.510     0.00     0.00     0.00     0.00     0.00 -1 -7.07e-21      0.00 7.306e-01 2.644e-01 8.337e-04 2.775e-04 2.181e-03 -1.000 4.946e-03 -0.725 -0.492 0.145 -1.262
0.005 -0.48482 10.20000 0.8226487637 2.4263951778    0.817  2.238  3.6310  1.588    3  0.000  0.510     0.00     0.00     0.00     0.00     0.00 -1  -7.8e-21      0.00 7.306e-01 2.644e-01 8.337e-04 2.775e-04 2.181e-03 -1.000 4.946e-03 -0.826 -0.578 0.068 -1.356
0.005 -0.48482 10.20000 0.8226738572 2.4264035225    0.817  2.280  3.6281  1.535    3  0.000  0.510     0.00     0.00     0.00     0.00     0.00 -1  -8.6e-21      0.00 7.306e-01 2.644e-01 8.337e-04 2.775e-04 2.181e-03 -1.000 4.946e-03 -0.929 -0.666 -0.010 -1.450
0.005 -0.48482 10.20000 0.8226965070 2.4264109135    0.816  2.320  3.6252  1.483    3  0.000  0.510     0.00     0.00     0.00     0.00     0.00 -1 -9.45e-21      0.00 7.306e-01 2.644e-01 8.337e-04 2.775e-04 2.181e-03 -1.000 4.946e-03 -1.030 -0.750 -0.083 -1.542
0.005 -0.48482 10.20000 0.8227172494 2.4264175892    0.816  2.359  3.6224  1.432    3  0.000  0.510     0.00     0.00     0.00     0.00     0.00 -1 -1.03e-20      0.00 7.306e-01 2.644e-01 8.337e-04 2.776e-04 2.181e-03 -1.000 4.946e-03 -1.129 -0.833 -0.154 -1.633
0.005 -0.48482 10.20000 0.8227369785 2.4264242649    0.816  2.400  3.6194  1.379    3  0.000  0.510     0.00     0.00     0.00     0.00     0.00 -1 -1.13e-20      0.00 7.306e-01 2.644e-01 8.337e-04 2.776e-04 2.181e-03 -1.000 4.946e-03 -1.230 -0.917 -0.226 -1.725
0.005 -0.48482 10.20000 0.8227548003 2.4264299870    0.815  2.439  3.6165  1.328    3  0.000  0.510     0.00     0.00     0.00     0.00     0.00 -1 -1.24e-20      0.00 7.306e-01 2.644e-01 8.337e-04 2.776e-04 2.181e-03 -1.000 4.946e-03 -1.328 -0.997 -0.293 -1.814
0.005 -0.48482 10.20000 0.8227716684 2.4264354706    0.815  2.479  3.6135  1.276    3  0.000  0.510     0.00     0.00     0.00     0.00     0.00 -1 -1.36e-20      0.00 7.306e-01 2.644e-01 8.337e-04 2.776e-04 2.181e-03 -1.000 4.946e-03 -1.429 -1.080 -0.362 -1.905
0.005 -0.48482 10.20000 0.8227866292 2.4264404774    0.814  2.517  3.6106  1.226    3  0.000  0.510    12.05     8.81     6.13     4.76     3.86  3 -1.47e-20      0.00 7.306e-01 2.644e-01 8.337e-04 2.776e-04 2.181e-03 -1.000 4.946e-03 -1.524 -1.156 -0.426 -1.991
0.005 -0.48482 10.20000 0.8228008747 2.4264450073    0.814  2.556  3.6076  1.175    3  0.000  0.510    13.41     9.65     6.69     5.21     4.22  3 -1.61e-20      0.00 7.306e-01 2.644e-01 8.337e-04 2.776e-04 2.181e-03 -1.000 4.946e-03 -1.621 -1.234 -0.490 -2.077
0.005 -0.48482 10.20000 0.8228140473 2.4264495373    0.813  2.595  3.6047  1.124    3  0.000  0.510    14.92    10.58     7.30     5.69     4.61  3 -1.75e-20      0.00 7.306e-01 2.644e-01 8.337e-04 2.776e-04 2.181e-03 -1.000 4.946e-03 -1.717 -1.311 -0.552 -2.162
0.005 -0.48482 10.20000 0.8228287697 2.4264543056    0.813  2.641  3.6010  1.063    3  0.000  0.510    16.98    11.81     8.11     6.33     5.13  3 -1.93e-20      0.00 7.306e-01 2.644e-01 8.337e-04 2.776e-04 2.181e-03 -1.000 4.946e-03 -1.833 -1.402 -0.626 -2.265
0.005 -0.48482 10.20000 0.8228398561 2.4264578819    0.812  2.678  3.5981  1.014    3  0.000  0.510    18.85    12.91     8.83     6.90     5.60  2 -2.09e-20      0.00 7.306e-01 2.644e-01 8.337e-04 2.776e-04 2.181e-03 -1.000 4.946e-03 -1.926 -1.474 -0.684 -2.346
0.005 -0.48482 10.20000 0.8228501081 2.4264612198    0.811  2.715  3.5952  0.965    3  0.000  0.510    20.89    14.10     9.60     7.52     6.10  2 -2.25e-20      0.00 7.306e-01 2.644e-01 8.337e-04 2.776e-04 2.181e-03 -1.000 4.946e-03 -2.017 -1.544 -0.737 -2.426
0.005 -0.48482 10.20000 0.8228616714 2.4264650345    0.810  2.759  3.5915  0.906    3  0.000  0.510    23.67    15.69    10.63     8.34     6.76  2 -2.47e-20      0.00 7.306e-01 2.644e-01 8.336e-04 2.777e-04 2.181e-03 -1.000 4.946e-03 -2.128 -1.627 -0.800 -2.521
0.005 -0.48482 10.20000 0.8228724599 2.4264686108    0.809  2.803  3.5879  0.846    3  0.000  0.510    26.84    17.46    11.78     9.25     7.51  2 -2.71e-20      0.00 7.306e-01 2.644e-01 8.336e-04 2.777e-04 2.181e-03 -1.000 4.946e-03 -2.239 -1.709 -0.859 -2.615
0.005 -0.48482 10.20000 0.8228824139 2.4264719486    0.808  2.847  3.5843  0.787    3  0.000  0.510    30.38    19.42    13.03    10.25     8.32  2 -2.97e-20      0.00 7.306e-01 2.644e-01 8.336e-04 2.777e-04 2.181e-03 -1.000 4.946e-03 -2.348 -1.787 -0.915 -2.707
0.005 -0.48482 10.20000 0.8228914142 2.4264748096    0.807  2.889  3.5806  0.730    3  0.000  0.510    34.31    21.54    14.39    11.34     9.21  2 -3.24e-20      0.00 7.306e-01 2.644e-01 8.336e-04 2.777e-04 2.181e-03 -1.000 4.946e-03 -2.454 -1.862 -0.966 -2.795
0.005 -0.48482 10.20000 0.8228995800 2.4264774323    0.806  2.931  3.5769  0.673    3  0.000  0.510    38.67    23.85    15.86    12.52    10.17  2 -3.53e-20      0.00 7.306e-01 2.644e-01 8.336e-04 2.777e-04 2.181e-03 -1.000 4.946e-03 -2.557 -1.931 -1.007 -2.879
0.005 -0.48482 10.20000 0.8229070306 2.4264798164    0.804  2.971  3.5733  0.618    3  0.000  0.510    43.45    26.35    17.44    13.79    11.20  1 -3.84e-20      0.00 7.306e-01 2.644e-01 8.336e-04 2.777e-04 2.181e-03 -1.000 4.946e-03 -2.657 -1.995 -1.042 -2.958
0.005 -0.48482 10.20000 0.8229141235 2.4264822006    0.803  3.011  3.5697  0.563    3  0.000  0.510    48.82    29.10    19.18    15.18    12.33  1 -4.17e-20      0.00 7.306e-01 2.644e-01 8.336e-04 2.777e-04 2.181e-03 -1.000 4.946e-03 -2.757 -2.060 -1.078 -3.038
0.005 -0.48482 10.20000 0.8229205608 2.4264843464    0.801  3.049  3.5660  0.509    3  0.000  0.510    54.70    32.06    21.04    16.68    13.55  1 -4.51e-20      0.00 7.306e-01 2.644e-01 8.336e-04 2.777e-04 2.181e-03 -1.000 4.946e-03 -2.853 -2.115 -1.096 -3.110
0.005 -0.48482 10.20000 0.8229264617 2.4264862537    0.799  3.087  3.5624  0.455    3  0.000  0.510    61.20    35.28    23.05    18.30    14.87  1 -4.88e-20      0.00 7.306e-01 2.644e-01 8.336e-04 2.777e-04 2.181e-03 -1.000 4.946e-03 -2.947 -2.166 -1.110 -3.180
0.005 -0.48482 10.20000 0.8229319453 2.4264881611    0.797  3.124  3.5588  0.403    3  0.000  0.510    68.32    38.75    25.21    20.05    16.30  1 -5.26e-20      0.00 7.306e-01 2.644e-01 8.336e-04 2.777e-04 2.181e-03 -1.000 4.946e-03 -3.039 -2.213 -1.113 -3.246
0.005 -0.48482 10.20000 0.8229369521 2.4264898300    0.796  3.159  3.5551  0.352    3  0.000  0.510    76.09    42.47    27.51    21.91    17.81  1 -5.66e-20      0.00 7.306e-01 2.644e-01 8.336e-04 2.777e-04 2.181e-03 -1.000 4.946e-03 -3.128 -2.253 -1.103 -3.307
0.005 -0.48482 10.20000 0.8229417205 2.4264912605    0.793  3.194  3.5515  0.301    3  0.000  0.510    84.79    46.57    30.04    23.96    19.48  1 -6.09e-20      0.00 7.306e-01 2.644e-01 8.336e-04 2.777e-04 2.181e-03 -1.000 4.946e-03 -3.216 -2.291 -1.090 -3.366
0.005 -0.48482 10.20000 0.8229461312 2.4264926910    0.791  3.229  3.5478  0.250    3  0.000  0.510    94.28    50.97    32.74    26.15    21.27  1 -6.55e-20      0.00 7.306e-01 2.644e-01 8.336e-04 2.777e-04 2.181e-03 -1.000 4.946e-03 -3.302 -2.322 -1.060 -3.420
0.005 -0.48482 10.20000 0.8229503632 2.4264941216    0.788  3.263  3.5442  0.200    3  0.000  0.510   104.88    55.80    35.69    28.55    23.23  1 -7.03e-20      0.00 7.306e-01 2.644e-01 8.336e-04 2.777e-04 2.181e-03 -1.000 4.946e-03 -3.389 -2.350 -1.020 -3.471
0.005 -0.48482 10.20000 0.8229543567 2.4264953136    0.786  3.297  3.5406  0.150    3  0.000  0.510   116.54    61.02    38.87    31.14    25.34  1 -7.55e-20      0.00 7.306e-01 2.644e-01 8.336e-04 2.777e-04 2.181e-03 -1.000 4.946e-03 -3.474 -2.376 -0.979 -3.520
0.005 -0.48482 10.20000 0.8229588270 2.4264969826    0.782  3.336  3.5363  0.092    3  0.000  0.510   131.62    67.65    42.89    34.42    28.01  1 -8.18e-20      0.00 7.306e-01 2.644e-01 8.336e-04 2.777e-04 2.181e-03 -1.000 4.946e-03 -3.570 -2.397 -0.907 -3.570
0.005 -0.48482 10.20000 0.8229630589 2.4264981747    0.778  3.373  3.5322  0.037    3  0.000  0.510   144.45    74.69    47.14    37.89    30.84  1 -8.85e-20      0.00 7.306e-01 2.644e-01 8.336e-04 2.777e-04 2.181e-03 -1.000 4.946e-03 -3.663 -2.414 -0.828 -3.615
0.005 -0.48482 10.20000 0.8229640722 2.4264986515    0.777  3.381  3.5313  0.024    3  0.000  0.510   147.19    76.38    48.15    38.72    31.52  1 -9.02e-20      0.00 7.306e-01 2.644e-01 8.336e-04 2.777e-04 2.181e-03 -1.000 4.946e-03 -3.684 -2.417 -0.809 -3.624
0.005 -0.48482 10.20000 0.8229640722 2.4264986515    0.725  1.677  3.7062  2.399    4  0.000  0.495     0.00     0.00     0.00     0.00     0.00 -1    -1e-30      0.00 7.272e-01 2.678e-01 8.149e-04 3.095e-04 2.197e-03 -1.000 5.046e-03 0.579 0.567 0.992 -0.032
0.005 -0.48482 10.20000 0.8230155110 2.4265153408    0.725  1.688  3.7054  2.384    4  0.000  0.495     0.00     0.00     0.00     0.00     0.00 -1    -1e-30      0.00 7.272e-01 2.678e-01 8.149e-04 3.095e-04 2.197e-03 -1.000 5.046e-03 0.551 0.541 0.968 -0.060
0.005 -0.48482 10.20000 0.8230699301 2.4265332222    0.725  1.691  3.7052  2.380    4  0.000  0.495     0.00     0.00     0.00     0.00     0.00 -1    -1e-30      0.00 7.272e-01 2.678e-01 8.149e-04 3.095e-04 2.197e-03 -1.000 5.046e-03 0.543 0.533 0.960 -0.069
0.005 -0.48482 10.20000 0.8231248856 2.4265513420    0.726  1.692  3.7055  2.381    4  0.000  0.495     0.00     0.00     0.00     0.00     0.00 -1    -1e-30      0.00 7.272e-01 2.678e-01 8.149e-04 3.095e-04 2.197e-03 -1.000 5.046e-03 0.541 0.531 0.957 -0.070
0.005 -0.48482 10.20000 0.8231756091 2.4265677929    0.726  1.691  3.7060  2.384    4  0.000  0.495     0.00     0.00     0.00     0.00     0.00 -1    -1e-30      0.00 7.272e-01 2.678e-01 8.149e-04 3.095e-04 2.197e-03 -1.000 5.046e-03 0.543 0.532 0.957 -0.068
0.005 -0.48482 10.20000 0.8232286572 2.4265851974    0.726  1.689  3.7067  2.389    4  0.000  0.495     0.00     0.00     0.00     0.00     0.00 -1    -1e-30      0.00 7.272e-01 2.678e-01 8.149e-04 3.095e-04 2.197e-03 -1.000 5.046e-03 0.548 0.535 0.959 -0.063
0.005 -0.48482 10.20000 0.8232795000 2.4266018867    0.726  1.686  3.7074  2.394    4  0.000  0.495     0.00     0.00     0.00     0.00     0.00 -1    -1e-30      0.00 7.272e-01 2.678e-01 8.149e-04 3.095e-04 2.197e-03 -1.000 5.046e-03 0.554 0.540 0.961 -0.057
0.005 -0.48482 10.20000 0.8233307004 2.4266185760    0.726  1.684  3.7082  2.400    4  0.000  0.495     0.00     0.00     0.00     0.00     0.00 -1    -1e-30      0.00 7.272e-01 2.678e-01 8.149e-04 3.095e-04 2.197e-03 -1.000 5.046e-03 0.561 0.545 0.964 -0.050
0.005 -0.48482 10.20000 0.8233830333 2.4266357422    0.726  1.681  3.7091  2.406    4  0.000  0.495     0.00     0.00     0.00     0.00     0.00 -1    -1e-30      0.00 7.272e-01 2.678e-01 8.149e-04 3.095e-04 2.197e-03 -1.000 5.046e-03 0.567 0.549 0.967 -0.044
0.005 -0.48482 10.20000 0.8234391212 2.4266541004    0.726  1.679  3.7098  2.412    4  0.000  0.495     0.00     0.00     0.00     0.00     0.00 -1    -1e-30      0.00 7.272e-01 2.678e-01 8.149e-04 3.095e-04 2.197e-03 -1.000 5.046e-03 0.573 0.554 0.970 -0.037
0.005 -0.48482 10.20000 0.8234944940 2.4266722202    0.726  1.677  3.7105  2.417    4  0.000  0.495     0.00     0.00     0.00     0.00     0.00 -1    -1e-30      0.00 7.272e-01 2.678e-01 8.149e-04 3.095e-04 2.197e-03 -1.000 5.046e-03 0.579 0.558 0.972 -0.032
0.005 -0.48482 10.20000 0.8235501051 2.4266905785    0.726  1.675  3.7112  2.421    4  0.000  0.495     0.00     0.00     0.00     0.00     0.00 -1    -1e-30      0.00 7.272e-01 2.678e-01 8.149e-04 3.095e-04 2.197e-03 -1.000 5.046e-03 0.583 0.561 0.974 -0.027
0.005 -0.48482 10.20000 0.8236020803 2.4267075062    0.726  1.673  3.7117  2.425    4  0.000  0.495     0.00     0.00     0.00     0.00     0.00 -1    -1e-30      0.00 7.272e-01 2.678e-01 8.149e-04 3.095e-04 2.197e-03 -1.000 5.046e-03 0.587 0.564 0.976 -0.023
0.005 -0.48482 10.20000 0.8236536980 2.4267244339    0.726  1.672  3.7122  2.428    4  0.000  0.495     0.00     0.00     0.00     0.00     0.00 -1    -1e-30      0.00 7.272e-01 2.678e-01 8.149e-04 3.095e-04 2.197e-03 -1.000 5.046e-03 0.590 0.566 0.977 -0.020
0.005 -0.48482 10.20000 0.8236764669 2.4267318249    0.726  1.671  3.7124  2.429    4  0.000  0.495     0.00     0.00     0.00     0.00     0.00 -1    -1e-30      0.00 7.272e-01 2.678e-01 8.149e-04 3.095e-04 2.197e-03 -1.000 5.046e-03 0.591 0.567 0.977 -0.018
0.005 -0.48482 10.20000 0.8236824274 2.4267337322    0.726  1.671  3.7124  2.429    4  0.000  0.495     0.00     0.00     0.00     0.00     0.00 -1    -1e-30      0.00 7.272e-01 2.678e-01 8.149e-04 3.095e-04 2.197e-03 -1.000 5.046e-03 0.592 0.567 0.977 -0.018
0.005 -0.48482 10.20000 0.8237334490 2.4267504215    0.726  1.671  3.7127  2.431    4  0.000  0.495     0.00     0.00     0.00     0.00     0.00 -1    -1e-30      0.00 7.272e-01 2.678e-01 8.149e-04 3.095e-04 2.197e-03 -1.000 5.046e-03 0.593 0.569 0.978 -0.016
0.005 -0.48482 10.20000 0.8237846494 2.4267671108    0.726  1.670  3.7130  2.433    4  0.000  0.495     0.00     0.00     0.00     0.00     0.00 -1    -1e-30      0.00 7.272e-01 2.678e-01 8.149e-04 3.095e-04 2.197e-03 -1.000 5.046e-03 0.594 0.569 0.978 -0.015
0.005 -0.48482 10.20000 0.8238335848 2.4267830849    0.726  1.670  3.7131  2.433    4  0.000  0.495     0.00     0.00     0.00     0.00     0.00 -1    -1e-30      0.00 7.272e-01 2.678e-01 8.149e-04 3.095e-04 2.197e-03 -1.000 5.046e-03 0.594 0.569 0.977 -0.015
0.005 -0.48482 10.20000 0.8238862753 2.4268004894    0.726  1.671  3.7132  2.433    4  0.000  0.495     0.00     0.00     0.00     0.00     0.00 -1    -1e-30      0.00 7.272e-01 2.678e-01 8.149e-04 3.095e-04 2.197e-03 -1.000 5.046e-03 0.593 0.568 0.976 -0.016
0.005 -0.48482 10.20000 0.8239368200 2.4268169403    0.726  1.671  3.7131  2.432    4  0.000  0.495     0.00     0.00     0.00     0.00     0.00 -1    -1e-30      0.00 7.272e-01 2.678e-01 8.149e-04 3.095e-04 2.197e-03 -1.000 5.046e-03 0.591 0.566 0.974 -0.018
0.005 -0.48482 10.20000 0.8239874244 2.4268333912    0.726  1.673  3.7130  2.431    4  0.000  0.495     0.00     0.00     0.00     0.00     0.00 -1    -1e-30      0.00 7.272e-01 2.678e-01 8.149e-04 3.095e-04 2.197e-03 -1.000 5.046e-03 0.588 0.563 0.971 -0.021
0.005 -0.48482 10.20000 0.8240387440 2.4268503189    0.727  1.674  3.7128  2.428    4  0.000  0.495     0.00     0.00     0.00     0.00     0.00 -1    -1e-30      0.00 7.272e-01 2.678e-01 8.149e-04 3.095e-04 2.197e-03 -1.000 5.046e-03 0.584 0.559 0.968 -0.026
0.005 -0.48482 10.20000 0.8240515590 2.4268543720    0.727  1.675  3.7127  2.427    4  0.000  0.495     0.00     0.00     0.00     0.00     0.00 -1    -1e-30      0.00 7.272e-01 2.678e-01 8.149e-04 3.095e-04 2.197e-03 -1.000 5.046e-03 0.582 0.558 0.967 -0.027
0.005 -0.48482 10.20000 0.8240690827 2.4268600941    0.727  1.676  3.7126  2.426    4  0.000  0.495     0.00     0.00     0.00     0.00     0.00 -1    -1e-30      0.00 7.272e-01 2.678e-01 8.149e-04 3.095e-04 2.197e-03 -1.000 5.046e-03 0.580 0.556 0.965 -0.029
0.005 -0.48482 10.20000 0.8241186142 2.4268763065    0.727  1.679  3.7121  2.421    4  0.000  0.495     0.00     0.00     0.00     0.00     0.00 -1    -1e-30      0.00 7.272e-01 2.678e-01 8.149e-04 3.095e-04 2.197e-03 -1.000 5.046e-03 0.574 0.550 0.960 -0.036
0.005 -0.48482 10.20000 0.8241676688 2.4268922806    0.727  1.682  3.7116  2.416    4  0.000  0.495     0.00     0.00     0.00     0.00     0.00 -1    -1e-30      0.00 7.272e-01 2.678e-01 8.149e-04 3.095e-04 2.197e-03 -1.000 5.046e-03 0.565 0.543 0.955 -0.045
0.005 -0.48482 10.20000 0.8242157698 2.4269080162    0.727  1.685  3.7110  2.410    4  0.000  0.495     0.00     0.00     0.00     0.00     0.00 -1    -1e-30      0.00 7.272e-01 2.678e-01 8.149e-04 3.095e-04 2.197e-03 -1.000 5.046e-03 0.556 0.535 0.948 -0.054
0.005 -0.48482 10.20000 0.8242641091 2.4269237518    0.727  1.690  3.7104  2.403    4  0.000  0.495     0.00     0.00     0.00     0.00     0.00 -1    -1e-30      0.00 7.272e-01 2.678e-01 8.149e-04 3.095e-04 2.197e-03 -1.000 5.046e-03 0.546 0.525 0.940 -0.065
0.005 -0.48482 10.20000 0.8243143559 2.4269402027    0.727  1.694  3.7097  2.396    4  0.000  0.495     0.00     0.00     0.00     0.00     0.00 -1    -1e-30      0.00 7.272e-01 2.678e-01 8.149e-04 3.095e-04 2.197e-03 -1.000 5.046e-03 0.534 0.515 0.931 -0.077
0.005 -0.48482 10.20000 0.8243622184 2.4269559383    0.727  1.699  3.7090  2.389    4  0.000  0.495     0.00     0.00     0.00     0.00     0.00 -1    -1e-30      0.00 7.272e-01 2.678e-01 8.149e-04 3.095e-04 2.197e-03 -1.000 5.046e-03 0.523 0.505 0.923 -0.088
0.005 -0.48482 10.20000 0.8244094253 2.4269711971    0.727  1.705  3.7080  2.378    4  0.000  0.495     0.00     0.00     0.00     0.00     0.00 -1    -1e-30      0.00 7.272e-01 2.678e-01 8.149e-04 3.095e-04 2.197e-03 -1.000 5.046e-03 0.506 0.491 0.911 -0.105
0.005 -0.48482 10.20000 0.8244566917 2.4269866943    0.727  1.712  3.7072  2.368    4  0.000  0.495     0.00     0.00     0.00     0.00     0.00 -1    -1e-30      0.00 7.272e-01 2.678e-01 8.149e-04 3.095e-04 2.197e-03 -1.000 5.046e-03 0.490 0.476 0.899 -0.121
0.005 -0.48482 10.20000 0.8245068789 2.4270031452    0.727  1.718  3.7064  2.359    4  0.000  0.495     0.00     0.00     0.00     0.00     0.00 -1    -1e-30      0.00 7.272e-01 2.678e-01 8.149e-04 3.095e-04 2.197e-03 -1.000 5.046e-03 0.475 0.463 0.887 -0.136
0.005 -0.48482 10.20000 0.8245547414 2.4270186424    0.727  1.729  3.7048  2.342    4  0.000  0.495     0.00     0.00     0.00     0.00     0.00 -1    -1e-30      0.00 7.272e-01 2.678e-01 8.149e-04 3.095e-04 2.197e-03 -1.000 5.046e-03 0.447 0.438 0.866 -0.165
0.005 -0.48482 10.20000 0.8246029615 2.4270343781    0.727  1.749  3.7023  2.312    4  0.000  0.495     0.00     0.00     0.00     0.00     0.00 -1    -1e-30      0.00 7.272e-01 2.678e-01 8.149e-04 3.095e-04 2.197e-03 -1.000 5.046e-03 0.398 0.394 0.829 -0.215
0.005 -0.48482 10.20000 0.8246515989 2.4270503521    0.727  1.784  3.6979  2.259    4  0.000  0.495     0.00     0.00     0.00     0.00     0.00 -1    -1e-30      0.00 7.272e-01 2.678e-01 8.149e-04 3.095e-04 2.197e-03 -1.000 5.046e-03 0.310 0.316 0.761 -0.303
0.005 -0.48482 10.20000 0.8246761560 2.4270582199    0.727  1.819  3.6937  2.207    4  0.000  0.495     0.00     0.00     0.00     0.00     0.00 -1    -1e-30      0.00 7.272e-01 2.678e-01 8.149e-04 3.095e-04 2.197e-03 -1.000 5.046e-03 0.222 0.238 0.694 -0.391
0.005 -0.48482 10.20000 0.8246890306 2.4270625114    0.727  1.857  3.6892  2.151    4  0.000  0.495     0.00     0.00     0.00     0.00     0.00 -1    -1e-30      0.00 7.272e-01 2.678e-01 8.149e-04 3.095e-04 2.197e-03 -1.000 5.046e-03 0.127 0.154 0.623 -0.484
0.005 -0.48482 10.20000 0.8246950507 2.4270644188    0.727  1.892  3.6851  2.100    4  0.000  0.495     0.00     0.00     0.00     0.00     0.00 -1    -1e-30      0.00 7.272e-01 2.678e-01 8.149e-04 3.095e-04 2.197e-03 -1.000 5.046e-03 0.039 0.078 0.558 -0.570
0.005 -0.48482 10.20000 0.8246983290 2.4270656109    0.727  1.931  3.6806  2.043    4  0.000  0.495     0.00     0.00     0.00     0.00     0.00 -1    -1e-30      0.00 7.272e-01 2.678e-01 8.149e-04 3.095e-04 2.197e-03 -1.000 5.046e-03 -0.059 -0.007 0.485 -0.665
0.005 -0.48482 10.20000 0.8247000575 2.4270660877    0.727  1.966  3.6767  1.992    4  0.000  0.495     0.00     0.00     0.00     0.00     0.00 -1    -1e-30      0.00 7.272e-01 2.678e-01 8.149e-04 3.095e-04 2.197e-03 -1.000 5.046e-03 -0.145 -0.082 0.421 -0.750
0.005 -0.48482 10.20000 0.8247011900 2.4270665646    0.727  2.003  3.6727  1.939    4  0.000  0.495     0.00     0.00     0.00     0.00     0.00 -1    -1e-30      0.00 7.272e-01 2.678e-01 8.149e-04 3.095e-04 2.197e-03 -1.000 5.046e-03 -0.238 -0.163 0.351 -0.841
0.005 -0.48482 10.20000 0.8247017264 2.4270665646    0.727  2.024  3.6705  1.910    7  0.000  0.495     0.00     0.00     0.00     0.00     0.00 -1 -7.39e-21      0.00 7.272e-01 2.671e-01 8.149e-04 3.095e-04 2.197e-03 -1.000 5.762e-03 -0.290 -0.209 0.312 -0.893
0.005 -0.48482 10.20000 0.8247019053 2.4270665646    0.727  2.032  3.6696  1.898    7  0.000  0.495     0.00     0.00     0.00     0.00     0.00 -1 -3.18e-20      0.00 7.272e-01 2.663e-01 8.149e-04 3.095e-04 2.197e-03 -1.000 6.484e-03 -0.311 -0.228 0.297 -0.913
0.005 -0.48482 10.20000 0.8247027993 2.4270670414    0.727  2.076  3.6652  1.837    7  0.000  0.495     0.00     0.00     0.00     0.00     0.00 -1  -9.2e-10      0.00 7.272e-01 2.662e-01 8.149e-04 3.095e-04 2.197e-03 -1.000 6.587e-03 -0.419 -0.321 0.217 -1.018
0.005 -0.48482 10.20000 0.8247035742 2.4270672798    0.727  2.109  3.6618  1.790    7  0.000  0.495     0.00     0.00     0.00     0.00     0.00 -1 -1.71e-09      0.00 7.272e-01 2.662e-01 8.149e-04 3.095e-04 2.197e-03 -1.000 6.601e-03 -0.503 -0.394 0.155 -1.098
0.005 -0.48482 10.20000 0.8247043490 2.4270675182    0.727  2.136  3.6591  1.752    7  0.000  0.495     0.00     0.00     0.00     0.00     0.00 -1 -1.97e-09      0.00 7.272e-01 2.662e-01 8.149e-04 3.095e-04 2.197e-03 -1.000 6.601e-03 -0.570 -0.451 0.106 -1.162
0.005 -0.48482 10.20000 0.8247050643 2.4270677567    0.727  2.154  3.6573  1.727    7  0.000  0.495     0.00     0.00     0.00     0.00     0.00 -1 -2.17e-09      0.00 7.272e-01 2.662e-01 8.149e-04 3.095e-04 2.197e-03 -1.000 6.601e-03 -0.615 -0.490 0.073 -1.205
0.005 -0.48482 10.20000 0.8247070312 2.4270682335    0.727  2.162  3.6566  1.716    7  0.000  0.495     0.00     0.00     0.00     0.00     0.00 -1 -2.26e-09      0.00 7.272e-01 2.662e-01 8.149e-04 3.095e-04 2.197e-03 -1.000 6.601e-03 -0.635 -0.507 0.058 -1.223
0.005 -0.48482 10.20000 0.8247082233 2.4270687103    0.727  2.142  3.6586  1.744    7  0.000  0.495     0.00     0.00     0.00     0.00     0.00 -1 -2.04e-09      0.00 7.272e-01 2.662e-01 8.149e-04 3.095e-04 2.197e-03 -1.000 6.601e-03 -0.585 -0.464 0.095 -1.176
0.005 -0.48482 10.20000 0.8247103691 2.4270694256    0.726  2.122  3.6606  1.772    7  0.000  0.495     0.00     0.00     0.00     0.00     0.00 -1 -1.83e-09      0.00 7.272e-01 2.662e-01 8.149e-04 3.095e-04 2.197e-03 -1.000 6.601e-03 -0.534 -0.421 0.131 -1.129
0.005 -0.48482 10.20000 0.8247157335 2.4270710945    0.726  2.102  3.6626  1.799    7  0.000  0.495     0.00     0.00     0.00     0.00     0.00 -1 -1.65e-09      0.00 7.272e-01 2.662e-01 8.149e-04 3.095e-04 2.197e-03 -1.000 6.601e-03 -0.485 -0.379 0.168 -1.081
0.005 -0.48482 10.20000 0.8247467279 2.4270813465    0.723  2.122  3.6605  1.769    7  0.000  0.495     0.00     0.00     0.00     0.00     0.00 -1 -1.86e-09      0.00 7.272e-01 2.662e-01 8.149e-04 3.095e-04 2.197e-03 -1.000 6.601e-03 -0.535 -0.421 0.132 -1.129
0.005 -0.48482 10.20000 0.8247663975 2.4270877838    0.721  2.163  3.6563  1.710    7  0.000  0.495     0.00     0.00     0.00     0.00     0.00 -1 -2.36e-09      0.00 7.272e-01 2.662e-01 8.149e-04 3.095e-04 2.197e-03 -1.000 6.601e-03 -0.637 -0.508 0.058 -1.226
0.005 -0.48482 10.20000 0.8247864246 2.4270942211    0.718  2.212  3.6514  1.640    7  0.000  0.495     0.00     0.00     0.00     0.00     0.00 -1 -3.11e-09      0.00 7.272e-01 2.662e-01 8.149e-04 3.095e-04 2.197e-03 -1.000 6.601e-03 -0.760 -0.611 -0.030 -1.340
0.005 -0.48482 10.20000 0.8248041868 2.4270999432    0.715  2.256  3.6471  1.576    7  0.000  0.495     0.00     0.00     0.00     0.00     0.00 -1    -4e-09      0.00 7.272e-01 2.662e-01 8.149e-04 3.095e-04 2.197e-03 -1.000 6.601e-03 -0.871 -0.703 -0.108 -1.443
0.005 -0.48482 10.20000 0.8248195648 2.4271049500    0.711  2.299  3.6430  1.514    7  0.000  0.495     0.00     0.00     0.00     0.00     0.00 -1  -5.1e-09      0.00 7.272e-01 2.662e-01 8.149e-04 3.095e-04 2.197e-03 -1.000 6.601e-03 -0.979 -0.792 -0.184 -1.541
0.005 -0.48482 10.20000 0.8248327971 2.4271092415    0.707  2.341  3.6389  1.454    7  0.000  0.495     0.00     0.00     0.00     0.00     0.00 -1 -6.52e-09      0.00 7.272e-01 2.662e-01 8.149e-04 3.095e-04 2.197e-03 -1.000 6.599e-03 -1.084 -0.877 -0.255 -1.637
0.005 -0.48482 10.20000 0.8248444200 2.4271130562    0.702  2.383  3.6350  1.394    7  0.000  0.495     0.00     0.00     0.00     0.00     0.00 -1 -8.26e-09      0.00 7.272e-01 2.662e-01 8.149e-04 3.095e-04 2.197e-03 -1.000 6.592e-03 -1.187 -0.960 -0.323 -1.730
0.005 -0.48482 10.20000 0.8248547316 2.4271163940    0.697  2.424  3.6312  1.334    7  0.000  0.495     0.00     0.00     0.00     0.00     0.00 -1 -1.04e-08      0.00 7.272e-01 2.663e-01 8.148e-04 3.095e-04 2.197e-03 -1.000 6.546e-03 -1.289 -1.043 -0.391 -1.823
0.005 -0.48482 10.20000 0.8248639107 2.4271194935    0.691  2.465  3.6273  1.274    7  0.000  0.495     0.00     0.00     0.00     0.00     0.00 -1 -1.31e-08      0.00 7.272e-01 2.663e-01 8.144e-04 3.096e-04 2.197e-03 -1.000 6.529e-03 -1.391 -1.123 -0.456 -1.914
0.005 -0.48482 10.20000 0.8248723149 2.4271223545    0.685  2.505  3.6236  1.214    7  0.000  0.494    11.72     8.60     5.97     4.67     3.77  3 -1.66e-08      0.00 7.272e-01 2.663e-01 8.133e-04 3.102e-04 2.197e-03 -1.000 6.421e-03 -1.493 -1.204 -0.521 -2.005
0.005 -0.48482 10.20000 0.8248801827 2.4271247387    0.677  2.546  3.6193  1.151    7  0.000  0.492    13.37     9.61     6.63     5.20     4.20  2 -2.12e-08      0.00 7.272e-01 2.663e-01 8.105e-04 3.120e-04 2.197e-03 -1.000 6.425e-03 -1.596 -1.281 -0.581 -2.095
0.005 -0.48482 10.20000 0.8248874545 2.4271271229    0.667  2.587  3.6135  1.081    7  0.000  0.489    15.47    10.86     7.45     5.86     4.74  2 -2.71e-08      0.00 7.272e-01 2.664e-01 8.051e-04 3.171e-04 2.197e-03 -1.000 6.438e-03 -1.697 -1.348 -0.623 -2.177
0.005 -0.48482 10.20000 0.8248944879 2.4271295071    0.655  2.628  3.6059  1.003    7  0.000  0.484    18.23    12.47     8.50     6.70     5.42  2 -3.51e-08      0.00 7.272e-01 2.664e-01 7.975e-04 3.256e-04 2.197e-03 -1.000 6.422e-03 -1.799 -1.400 -0.643 -2.251
0.005 -0.48482 10.20000 0.8249010444 2.4271316528    0.641  2.668  3.6026  0.940    7  0.000  0.479    20.76    13.90     9.42     7.44     6.02  2  -4.6e-08      0.00 7.272e-01 2.664e-01 7.891e-04 3.356e-04 2.197e-03 -1.000 6.402e-03 -1.899 -1.477 -0.702 -2.339
0.005 -0.48482 10.20000 0.8249074221 2.4271335602    0.623  2.708  3.5994  0.873    7  0.000  0.474    23.76    15.54    10.48     8.30     6.72  1 -6.08e-08      0.00 7.272e-01 2.664e-01 7.812e-04 3.453e-04 2.197e-03 -1.000 6.401e-03 -2.001 -1.556 -0.763 -2.428
0.005 -0.48482 10.20000 0.8249131441 2.4271354675    0.600  2.750  3.5966  0.805    7  0.000  0.470    27.29    17.42    11.67     9.27     7.50  1 -8.28e-08      0.00 7.272e-01 2.665e-01 7.743e-04 3.538e-04 2.197e-03 -1.000 6.380e-03 -2.104 -1.638 -0.829 -2.521
0.005 -0.48482 10.20000 0.8249181509 2.4271371365    0.575  2.792  3.5955  0.739    7  0.000  0.466    31.21    19.41    12.93    10.30     8.34  1 -1.17e-07      0.00 7.272e-01 2.665e-01 7.683e-04 3.611e-04 2.197e-03 -1.000 6.309e-03 -2.210 -1.734 -0.915 -2.622
0.005 -0.48482 10.20000 0.8249219060 2.4271383286    0.547  2.834  3.5976  0.685    7  0.000  0.463    34.79    21.16    14.02    11.21     9.07  1 -1.65e-07      0.00 7.271e-01 2.665e-01 7.633e-04 3.672e-04 2.197e-03 -1.000 6.319e-03 -2.315 -1.853 -1.041 -2.737
0.005 -0.48482 10.20000 0.8249240518 2.4271390438    0.527  2.863  3.6062  0.673    7  0.000  0.461    35.41    21.39    14.15    11.33     9.17  1 -2.09e-07      0.00 7.271e-01 2.665e-01 7.601e-04 3.712e-04 2.197e-03 -1.000 6.349e-03 -2.388 -1.984 -1.207 -2.844
0.005 -0.48482 10.20000 0.8249253035 2.4271395206    0.503  2.882  3.6270  0.718    7  0.000  0.460    31.82    19.48    12.94    10.36     8.38  1 -2.42e-07      0.00 7.271e-01 2.665e-01 7.572e-04 3.747e-04 2.197e-03 -1.000 6.359e-03 -2.434 -2.158 -1.463 -2.966
0.005 -0.48482 10.20000 1.0205606222 2.4771199226    0.531 -9.999  3.5625  7.932    9  0.531  0.000     0.00     0.00     0.00     0.00     0.00 -1    -1e-30      0.00 7.204e-01 2.745e-01 7.757e-04 4.142e-04 2.226e-03 -1.000 5.068e-03 29.767 30.278 31.332 29.264
#isochrone terminated
